  6.5999999999999979   2.3499999999999996   1.6499999999999999 
  6.4666666666666650   2.3166666666666660   1.6166666666666667 
  6.3333333333333321   2.2833333333333328   1.5833333333333335 
  6.1999999999999993   2.2499999999999996   1.5499999999999998 
  6.0666666666666655   2.2166666666666663   1.5166666666666664 
  5.9333333333333309   2.1833333333333327   1.4833333333333336 
  5.7999999999999989   2.1499999999999990   1.4500000000000002 
  5.6666666666666670   2.1166666666666667   1.4166666666666665 
  5.5333333333333332   2.0833333333333326   1.3833333333333333 
  5.3999999999999977   2.0499999999999994   1.3500000000000001 
  5.2666666666666648   2.0166666666666662   1.3166666666666667 
  5.1333333333333320   1.9833333333333329   1.2833333333333332 
  5.0000000000000000   1.9500000000000000   1.2500000000000000 
  4.8666666666666645   1.9166666666666663   1.2166666666666668 
  4.7333333333333316   1.8833333333333329   1.1833333333333331 
  4.5999999999999988   1.8499999999999996   1.1499999999999999 
  4.4666666666666659   1.8166666666666664   1.1166666666666667 
  4.3333333333333313   1.7833333333333332   1.0833333333333335 
  4.2000000000000002   1.7500000000000007   1.0499999999999998 
  4.0666666666666673   1.7166666666666668   1.0166666666666666 
  3.9333333333333340   1.6833333333333336   0.9833333333333335 
  3.7999999999999994   1.6499999999999997   0.9500000000000000 
  3.6666666666666661   1.6166666666666663   0.9166666666666666 
  3.5333333333333328   1.5833333333333333   0.8833333333333334 
  3.3999999999999977   1.5499999999999998   0.8500000000000000 
  3.2666666666666657   1.5166666666666668   0.8166666666666664 
  3.1333333333333320   1.4833333333333332   0.7833333333333333 
  3.0000000000000000   1.4500000000000002   0.7500000000000001 
  2.8666666666666658   1.4166666666666665   0.7166666666666667 
  2.7333333333333329   1.3833333333333333   0.6833333333333332 
  2.6000000000000001   1.3500000000000001   0.6500000000000000 
  2.4666666666666672   1.3166666666666667   0.6166666666666668 
  2.3333333333333326   1.2833333333333332   0.5833333333333334 
  2.1999999999999993   1.2499999999999998   0.5499999999999999 
  2.0666666666666669   1.2166666666666668   0.5166666666666667 
  1.9333333333333318   1.1833333333333329   0.4833333333333333 
  1.7999999999999992   1.1499999999999999   0.4500000000000001 
  1.6666666666666665   1.1166666666666667   0.4166666666666666 
  1.5333333333333334   1.0833333333333335   0.3833333333333334 
  1.3999999999999995   1.0499999999999998   0.3500000000000000 
  1.2666666666666659   1.0166666666666664   0.3166666666666668 
  1.1333333333333329   0.9833333333333331   0.2833333333333333 
  1.0000000000000002   0.9500000000000000   0.2500000000000001 
  0.8666666666666668   0.9166666666666667   0.2166666666666667 
  0.7333333333333335   0.8833333333333334   0.1833333333333335 
  0.5999999999999998   0.8499999999999998   0.1500000000000000 
  0.4666666666666668   0.8166666666666664   0.1166666666666668 
  0.3333333333333335   0.7833333333333333   0.0833333333333334 
  0.1999999999999992   0.7499999999999997   0.0499999999999999 
  0.0666666666666665   0.7166666666666667   0.0166666666666667 
 -0.0666666666666670   0.6833333333333332  -0.0166666666666667 
 -0.2000000000000000   0.6500000000000000  -0.0499999999999999 
 -0.3333333333333334   0.6166666666666664  -0.0833333333333334 
 -0.4666666666666663   0.5833333333333331  -0.1166666666666666 
 -0.6000000000000004   0.5499999999999998  -0.1500000000000000 
 -0.7333333333333333   0.5166666666666667  -0.1833333333333332 
 -0.8666666666666669   0.4833333333333332  -0.2166666666666667 
 -0.9999999999999997   0.4500000000000000  -0.2499999999999999 
 -1.1333333333333335   0.4166666666666666  -0.2833333333333333 
 -1.2666666666666666   0.3833333333333334  -0.3166666666666665 
 -1.3999999999999999   0.3499999999999999  -0.3500000000000000 
 -1.5333333333333334   0.3166666666666667  -0.3833333333333334 
 -1.6666666666666667   0.2833333333333332  -0.4166666666666666 
 -1.8000000000000005   0.2499999999999998  -0.4500000000000001 
 -1.9333333333333336   0.2166666666666666  -0.4833333333333333 
 -2.0666666666666660   0.1833333333333332  -0.5166666666666667 
 -2.1999999999999988   0.1500000000000000  -0.5499999999999999 
 -2.3333333333333335   0.1166666666666665  -0.5833333333333334 
 -2.4666666666666663   0.0833333333333333  -0.6166666666666666 
 -2.5999999999999996   0.0500000000000000  -0.6500000000000000 
 -2.7333333333333316   0.0166666666666667  -0.6833333333333332 
 -2.8666666666666671  -0.0166666666666668  -0.7166666666666667 
 -2.9999999999999996  -0.0500000000000000  -0.7499999999999999 
 -3.1333333333333329  -0.0833333333333335  -0.7833333333333333 
 -3.2666666666666666  -0.1166666666666668  -0.8166666666666668 
 -3.3999999999999995  -0.1500000000000000  -0.8500000000000000 
 -3.5333333333333341  -0.1833333333333335  -0.8833333333333334 
 -3.6666666666666670  -0.2166666666666668  -0.9166666666666666 
 -3.7999999999999994  -0.2500000000000000  -0.9500000000000000 
 -3.9333333333333318  -0.2833333333333331  -0.9833333333333333 
 -4.0666666666666647  -0.3166666666666667  -1.0166666666666666 
 -4.1999999999999993  -0.3500000000000000  -1.0499999999999998 
 -4.3333333333333339  -0.3833333333333336  -1.0833333333333335 
 -4.4666666666666659  -0.4166666666666667  -1.1166666666666667 
 -4.5999999999999979  -0.4499999999999998  -1.1499999999999999 
 -4.7333333333333316  -0.4833333333333331  -1.1833333333333331 
 -4.8666666666666671  -0.5166666666666667  -1.2166666666666668 
 -5.0000000000000000  -0.5500000000000000  -1.2500000000000000 
 -5.1333333333333329  -0.5833333333333334  -1.2833333333333332 
 -5.2666666666666666  -0.6166666666666668  -1.3166666666666667 
 -5.3999999999999986  -0.6499999999999999  -1.3500000000000001 
 -5.5333333333333332  -0.6833333333333336  -1.3833333333333333 
 -5.6666666666666652  -0.7166666666666667  -1.4166666666666665 
 -5.8000000000000007  -0.7500000000000001  -1.4500000000000002 
 -5.9333333333333327  -0.7833333333333333  -1.4833333333333336 
 -6.0666666666666638  -0.8166666666666662  -1.5166666666666664 
 -6.1999999999999993  -0.8500000000000000  -1.5499999999999998 
 -6.3333333333333330  -0.8833333333333332  -1.5833333333333335 
 -6.4666666666666650  -0.9166666666666666  -1.6166666666666667 
 -6.5999999999999988  -0.9499999999999998  -1.6499999999999999 
 -6.7333333333333343  -0.9833333333333335  -1.6833333333333336 
 -6.8666666666666645  -1.0166666666666664  -1.7166666666666668 
 -6.9999999999999964  -1.0499999999999996  -1.7500000000000000 
 -7.1333333333333337  -1.0833333333333335  -1.7833333333333332 
 -7.2666666666666648  -1.1166666666666667  -1.8166666666666667 
 -7.3999999999999986  -1.1499999999999999  -1.8500000000000001 
 -7.5333333333333306  -1.1833333333333333  -1.8833333333333333 
 -7.6666666666666652  -1.2166666666666666  -1.9166666666666665 
 -7.7999999999999989  -1.2499999999999998  -1.9500000000000002 
 -7.9333333333333309  -1.2833333333333332  -1.9833333333333336 
 -8.0666666666666647  -1.3166666666666667  -2.0166666666666666 
 -8.1999999999999975  -1.3500000000000001  -2.0499999999999998 
 -8.3333333333333304  -1.3833333333333333  -2.0833333333333335 
 -8.4666666666666632  -1.4166666666666665  -2.1166666666666667 
 -8.5999999999999996  -1.4500000000000002  -2.1499999999999999 
 -8.7333333333333361  -1.4833333333333338  -2.1833333333333331 
 -8.8666666666666636  -1.5166666666666664  -2.2166666666666668 
 -9.0000000000000018  -1.5500000000000003  -2.2500000000000000 
 -9.1333333333333293  -1.5833333333333326  -2.2833333333333332 
 -9.2666666666666622  -1.6166666666666663  -2.3166666666666664 
