 100   6.000   2.000   0.500       -0.1368440540       -0.0139143298       -0.1460905948       -0.0072205033       -0.3121456706       -0.0123058183       -0.1510201081       -0.0587836384       -0.1729376120       -0.0114757284       -0.1565929559       -0.0135899588       -0.3495158546       -0.0128966391       -0.2163275378       -0.0068908534       -0.0009329288       -0.0001925736       -0.0011886074       -0.0008296401       -0.0004493583       -0.0002687225       -0.0008217332       -0.0006478739
  10  -1.273  -1.636  -1.318       -0.1530516832       -0.0219628771       -0.1450541375       -0.0101174468       -0.2775290052       -0.0116330920       -0.2392417540       -0.0178407557       -0.1733332032       -0.0189300549       -0.1476406293       -0.0336983079       -0.3321188322       -0.0118286353       -0.2338314053       -0.0070096496       -0.0003004045       -0.0003173189       -0.0003260341       -0.0003874226       -0.0005001134       -0.0010685657       -0.0004357997       -0.0010976364
  11  -1.192  -1.596  -1.298       -0.1667007849       -0.0335984112       -0.1405387127       -0.0157578961       -0.2202467163       -0.0166969302       -0.3257660626       -0.0139578372       -0.1930769409       -0.0144530129       -0.1423789502       -0.0494831941       -0.3353628082       -0.0121240333       -0.2383439380       -0.0073502803       -0.0003094173       -0.0004160285       -0.0003872390       -0.0002932142       -0.0004411162       -0.0011443447       -0.0004297453       -0.0009810250
  12  -1.111  -1.556  -1.278       -0.1758135787       -0.0503888731       -0.1444016739       -0.0277376710       -0.2335687699       -0.0219767874       -0.3222252345       -0.0123993092       -0.2174620604       -0.0120542387       -0.1461238032       -0.0367563420       -0.3384340395       -0.0123584068       -0.2399702541       -0.0075504922       -0.0003593472       -0.0005076490       -0.0004247003       -0.0003014176       -0.0003889765       -0.0011513108       -0.0004412557       -0.0008933563
  13  -1.030  -1.515  -1.258       -0.1801320178       -0.0566199711       -0.1473915152       -0.0342579060       -0.2548995996       -0.0228069685       -0.2898308478       -0.0133710737       -0.2325585852       -0.0132314867       -0.1690272119       -0.0245060868       -0.3411312596       -0.0125022055       -0.2400440949       -0.0076471523       -0.0004348250       -0.0005704045       -0.0004766230       -0.0003803405       -0.0003939366       -0.0010706298       -0.0004721690       -0.0008377819
  14  -0.949  -1.475  -1.237       -0.1670636569       -0.0498535356       -0.1562337871       -0.0298756444       -0.3186547699       -0.0194040575       -0.2291482258       -0.0150420187       -0.1888714284       -0.0205922347       -0.2064008521       -0.0190020681       -0.2391160318       -0.0077191037       -0.3433494307       -0.0124750834       -0.0005048318       -0.0006114123       -0.0004460292       -0.0005238966       -0.0009245737       -0.0005477930       -0.0008172802       -0.0005181300
  15  -0.869  -1.434  -1.217       -0.1475205116       -0.0346063262       -0.1649443009       -0.0301618329       -0.3157790602       -0.0188015485       -0.2399866209       -0.0120110572       -0.1957763098       -0.0218635182       -0.1664496697       -0.0495781747       -0.2376725271       -0.0076256127       -0.3439495281       -0.0123862460       -0.0005762416       -0.0005899471       -0.0005551521       -0.0005098520       -0.0006843551       -0.0008665553       -0.0007855408       -0.0006296453
  16  -0.788  -1.394  -1.197       -0.1436075325       -0.0271607389       -0.1601373010       -0.0167237783       -0.3111518634       -0.0146702057       -0.2277948632       -0.0137422750       -0.1885798498       -0.0320881949       -0.1798928496       -0.0617282153       -0.2357481050       -0.0075390285       -0.3414038967       -0.0120195935       -0.0005204356       -0.0005863993       -0.0006716332       -0.0005058696       -0.0005319344       -0.0010842969       -0.0007670628       -0.0007855924
  17  -0.707  -1.354  -1.177       -0.1391171501       -0.0182493442       -0.1672808730       -0.0110030466       -0.2813502342       -0.0122691840       -0.2236175455       -0.0181692106       -0.1873990751       -0.0419995552       -0.1911837489       -0.0298274060       -0.2331061635       -0.0074083603       -0.3344751821       -0.0114236194       -0.0004276219       -0.0004991850       -0.0006502341       -0.0006113043       -0.0004626094       -0.0011352515       -0.0007463815       -0.0009690245
  18  -0.626  -1.313  -1.157       -0.1341572857       -0.0118911482       -0.1866458344       -0.0093162529       -0.2645541363       -0.0116095846       -0.2062283752       -0.0286311149       -0.1941456691       -0.0510169543       -0.1851601177       -0.0188071543       -0.2298430625       -0.0072503017       -0.3239300728       -0.0107150673       -0.0003347188       -0.0003770906       -0.0006132564       -0.0006464344       -0.0004468590       -0.0009726995       -0.0007273596       -0.0010667744
  19  -0.545  -1.273  -1.136       -0.1326768980       -0.0092117967       -0.2040252140       -0.0089707358       -0.2517202155       -0.0116093678       -0.1915786531       -0.0357453164       -0.2063089487       -0.0302913935       -0.1880253832       -0.0146505893       -0.2265373962       -0.0070948601       -0.3140565070       -0.0101414889       -0.0002889795       -0.0002773148       -0.0006069559       -0.0005780437       -0.0004622074       -0.0006684714       -0.0007286119       -0.0009640100
   1  -2.000  -2.000  -1.500       -0.1604689422       -0.0174353858       -0.2025824297       -0.0089639797       -0.3143369781       -0.0119017697       -0.1727134606       -0.0395386744       -0.1798309583       -0.0080981130       -0.1570191478       -0.0099162990       -0.3490075133       -0.0123192493       -0.2530778037       -0.0073877869       -0.0010221149       -0.0001747358       -0.0012730437       -0.0009234712       -0.0004815357       -0.0002767585       -0.0008557837       -0.0005493481
  20  -0.465  -1.232  -1.116       -0.1332943828       -0.0081202977       -0.2143664654       -0.0093725390       -0.2429814314       -0.0119886039       -0.1941477916       -0.0393158044       -0.2001290996       -0.0201027263       -0.1917875980       -0.0141678779       -0.2237669790       -0.0069773671       -0.3090748760       -0.0098850703       -0.0003189968       -0.0002143037       -0.0007103196       -0.0004719838       -0.0005111575       -0.0003812669       -0.0007769513       -0.0007396645
  21  -0.384  -1.192  -1.096       -0.1337083348       -0.0076609796       -0.2182011626       -0.0099780814       -0.2391234065       -0.0120507036       -0.1958888247       -0.0384256658       -0.2000587707       -0.0202543988       -0.1965098132       -0.0159524268       -0.2220299896       -0.0069194303       -0.3102304323       -0.0099708604       -0.0004274951       -0.0001876308       -0.0009657998       -0.0004184907       -0.0006446127       -0.0002397465       -0.0008857480       -0.0006017592
  22  -0.303  -1.152  -1.076       -0.1330150277       -0.0076726761       -0.2168317833       -0.0105909477       -0.2389485878       -0.0115593096       -0.1977851364       -0.0376799933       -0.2060298153       -0.0290031450       -0.2034424346       -0.0208711196       -0.2211607247       -0.0069126129       -0.3157762282       -0.0103016912       -0.0006004133       -0.0001974309       -0.0013181364       -0.0004742699       -0.0008869129       -0.0002839622       -0.0010384560       -0.0006428657
  23  -0.222  -1.111  -1.056       -0.1315587144       -0.0077357159       -0.2118915001       -0.0112395732       -0.2400691793       -0.0107431634       -0.2061191598       -0.0324490832       -0.2061186119       -0.0508252095       -0.2124468467       -0.0334344014       -0.2205924076       -0.0069287474       -0.3228189331       -0.0107359135       -0.0008099144       -0.0002401210       -0.0016425680       -0.0006223425       -0.0012021958       -0.0004745746       -0.0011977261       -0.0007994670
  24  -0.141  -1.071  -1.035       -0.1303355995       -0.0077028085       -0.2055264242       -0.0118035101       -0.2398536785       -0.0098993569       -0.2257948095       -0.0257378373       -0.1871223802       -0.0704530391       -0.2124919241       -0.0510668477       -0.2198056708       -0.0069374949       -0.3288162134       -0.0111318865       -0.0010135285       -0.0003005937       -0.0018453816       -0.0007781040       -0.0015411555       -0.0007152709       -0.0013303923       -0.0009675610
  25  -0.061  -1.030  -1.015       -0.1295443017       -0.0076019398       -0.2005723381       -0.0119962170       -0.2370505602       -0.0092699992       -0.2528717404       -0.0192463605       -0.1628433971       -0.0818492158       -0.2099176346       -0.0590199661       -0.2185692040       -0.0069205630       -0.3322548818       -0.0113836458       -0.0011631131       -0.0003516917       -0.0019390108       -0.0008475312       -0.0018499299       -0.0008910542       -0.0014220168       -0.0010826802
  26   0.020  -0.990  -0.995       -0.1287200966       -0.0073142602       -0.1994080267       -0.0121028805       -0.2323178554       -0.0089740316       -0.2673078640       -0.0173475451       -0.1519751495       -0.0904794720       -0.2121624486       -0.0613375713       -0.2168880279       -0.0068713464       -0.3325381126       -0.0114289556       -0.0012224381       -0.0003673944       -0.0020050039       -0.0008882497       -0.0019463497       -0.0009209728       -0.0014710184       -0.0011235225
  27   0.101  -0.949  -0.975       -0.1276601351       -0.0068940539       -0.2027437235       -0.0123060354       -0.2268195490       -0.0091202873       -0.2517126390       -0.0255729067       -0.1721002730       -0.0899921700       -0.2193424519       -0.0590623855       -0.2149177570       -0.0067954010       -0.3297764491       -0.0112612436       -0.0011789920       -0.0003404163       -0.0020775989       -0.0009587843       -0.0017253815       -0.0007912889       -0.0014749660       -0.0010888192
  28   0.182  -0.909  -0.955       -0.1265995052       -0.0065440426       -0.2093983863       -0.0123302030       -0.2212267757       -0.0098162937       -0.2323034410       -0.0372297876       -0.1999754634       -0.0783994828       -0.2292104453       -0.0477296416       -0.2128251672       -0.0067039207       -0.3245484879       -0.0109235095       -0.0010473542       -0.0002867154       -0.0020910943       -0.0009056126       -0.0014079846       -0.0005599873       -0.0014251850       -0.0009911278
  29   0.263  -0.869  -0.934       -0.1259057423       -0.0063696043       -0.2167795928       -0.0121621662       -0.2163109138       -0.0108908110       -0.2224590100       -0.0501937049       -0.2133034595       -0.0526133328       -0.2290352175       -0.0311274551       -0.2108688872       -0.0066160735       -0.3181999146       -0.0105125298       -0.0008658689       -0.0002329116       -0.0019589111       -0.0007895967       -0.0010871231       -0.0003360006       -0.0013158726       -0.0008759526
   2  -1.919  -1.960  -1.480       -0.1580880715       -0.0165717167       -0.1988635336       -0.0087861753       -0.3104313867       -0.0116349584       -0.1704553716       -0.0406232572       -0.1732755421       -0.0079977263       -0.1535759881       -0.0092942746       -0.3447498965       -0.0121449894       -0.2461661458       -0.0071428149       -0.0009913544       -0.0001750892       -0.0012493093       -0.0008969506       -0.0004923982       -0.0002835264       -0.0008402285       -0.0005662663
  30   0.343  -0.828  -0.914       -0.1255248591       -0.0063567457       -0.2223292664       -0.0120411597       -0.2133018368       -0.0118314702       -0.2221044302       -0.0601339169       -0.2099022746       -0.0353984818       -0.2258720259       -0.0241415088       -0.2094200911       -0.0065551993       -0.3129034379       -0.0101578864       -0.0006824358       -0.0002001203       -0.0016811271       -0.0007266609       -0.0008310126       -0.0002338825       -0.0011608463       -0.0008384385
  31   0.424  -0.788  -0.894       -0.1254546670       -0.0066263086       -0.2240705388       -0.0119837656       -0.2135537085       -0.0121328427       -0.2196932755       -0.0699419554       -0.2101054774       -0.0321529284       -0.2271508165       -0.0231151621       -0.2089151987       -0.0065455747       -0.3114592364       -0.0100057942       -0.0005377580       -0.0001992874       -0.0013561992       -0.0007809290       -0.0007070873       -0.0003289209       -0.0009985692       -0.0009805159
  32   0.505  -0.747  -0.874       -0.1263916986       -0.0073057789       -0.2201036345       -0.0119526118       -0.2177433877       -0.0117357838       -0.2041015250       -0.0752718234       -0.2198520993       -0.0416388980       -0.2338185525       -0.0277288820       -0.2095589540       -0.0065984053       -0.3162548591       -0.0101817891       -0.0004589282       -0.0002380461       -0.0010993455       -0.0009283702       -0.0007115011       -0.0006288037       -0.0008721718       -0.0012854007
  33   0.586  -0.707  -0.854       -0.1301589353       -0.0087175870       -0.2085034736       -0.0119543898       -0.2249064970       -0.0113234445       -0.2053568859       -0.0501861698       -0.2213705400       -0.0784312831       -0.2444174647       -0.0512552136       -0.2111461672       -0.0067036531       -0.3277540798       -0.0107389029       -0.0004579942       -0.0003305638       -0.0009592509       -0.0010748946       -0.0007527795       -0.0010423308       -0.0008014633       -0.0015408677
  34   0.667  -0.667  -0.833       -0.1391195913       -0.0118859666       -0.1906876708       -0.0118308082       -0.2323829617       -0.0114627225       -0.2359152544       -0.0344156152       -0.1852220331       -0.0764499321       -0.2245583314       -0.0822129663       -0.2131965326       -0.0068356803       -0.3431307141       -0.0115839035       -0.0005247258       -0.0004943221       -0.0009118387       -0.0010924051       -0.0007689473       -0.0013878306       -0.0007772009       -0.0015301926
  35   0.747  -0.626  -0.813       -0.1534056778       -0.0183820553       -0.1780998740       -0.0146675839       -0.2399802538       -0.0127825884       -0.2728914063       -0.0226878222       -0.1999516462       -0.0572599330       -0.2154005090       -0.0907955843       -0.2154720016       -0.0069763068       -0.3578927709       -0.0124985740       -0.0006227042       -0.0006983315       -0.0009319468       -0.0009025955       -0.0007899048       -0.0014988424       -0.0007792572       -0.0012917396
  36   0.828  -0.586  -0.793       -0.1695732034       -0.0268271493       -0.1802614896       -0.0284449433       -0.2792236976       -0.0210522184       -0.2576807400       -0.0158512193       -0.2305616190       -0.0373023647       -0.2089742731       -0.1232342087       -0.2180100913       -0.0071178018       -0.3693614689       -0.0132834367       -0.0007092746       -0.0008257239       -0.0010747134       -0.0005359386       -0.0008610913       -0.0013459739       -0.0007945124       -0.0010082282
  37   0.909  -0.545  -0.773       -0.1829970430       -0.0368092978       -0.1839707714       -0.0391948481       -0.3229753741       -0.0264835621       -0.2278999981       -0.0182599722       -0.2471717039       -0.0322474049       -0.1692703107       -0.0795383798       -0.2209585249       -0.0072561954       -0.3778531322       -0.0138755035       -0.0007682864       -0.0008018737       -0.0008691417       -0.0005666458       -0.0010370368       -0.0009941503       -0.0008212124       -0.0007830628
  38   0.990  -0.505  -0.753       -0.2007853800       -0.0506413660       -0.1787504484       -0.0335863087       -0.2579400220       -0.0349338219       -0.3231770631       -0.0217306397       -0.2128180424       -0.0301564874       -0.2258968188       -0.0381549110       -0.3839194007       -0.0142428917       -0.2251673949       -0.0074440677       -0.0007082346       -0.0007556822       -0.0006756462       -0.0006410114       -0.0006375195       -0.0012364246       -0.0006248752       -0.0008704771
  39   1.071  -0.465  -0.732       -0.2041088663       -0.0499032351       -0.1721741006       -0.0299190999       -0.2453559258       -0.0399570163       -0.3767225839       -0.0179705199       -0.2198580621       -0.0220940733       -0.1723817795       -0.0729280724       -0.3896457412       -0.0145058644       -0.2297450955       -0.0075997299       -0.0005461065       -0.0007327128       -0.0005856930       -0.0005137477       -0.0004533375       -0.0014760514       -0.0005232265       -0.0009525641
   3  -1.838  -1.919  -1.460       -0.1569100786       -0.0148212182       -0.1976166403       -0.0086812210       -0.3029392206       -0.0111580795       -0.1667440612       -0.0430871074       -0.1636020475       -0.0075662681       -0.1509591527       -0.0083624241       -0.3396761222       -0.0118695786       -0.2360476323       -0.0067476957       -0.0009201723       -0.0001747947       -0.0012336935       -0.0008412606       -0.0005186177       -0.0002883441       -0.0008310298       -0.0005883068
  40   1.152  -0.424  -0.712       -0.2007296874       -0.0417395889       -0.1568624499       -0.0207126080       -0.2302961732       -0.0359468546       -0.3904692460       -0.0168044314       -0.2141071391       -0.0276783003       -0.1734535931       -0.1373964763       -0.3948814864       -0.0146546352       -0.2354400084       -0.0077718066       -0.0003950862       -0.0006617718       -0.0004842687       -0.0004413895       -0.0004708331       -0.0015935441       -0.0004614584       -0.0010943364
  41   1.232  -0.384  -0.692       -0.1910614360       -0.0275399612       -0.1444116198       -0.0125832680       -0.3019493757       -0.0236610003       -0.2902711399       -0.0298717000       -0.2115524533       -0.0536267283       -0.2370776747       -0.0761982056       -0.4000752626       -0.0147432025       -0.2415684634       -0.0079237212       -0.0002928608       -0.0005446862       -0.0003275653       -0.0005617803       -0.0005431693       -0.0016196306       -0.0004361088       -0.0013208159
  42   1.313  -0.343  -0.672       -0.1785955803       -0.0176217607       -0.1435864664       -0.0073615543       -0.3586446800       -0.0174132987       -0.1841785928       -0.0682926162       -0.2164476753       -0.0581337216       -0.2108720871       -0.0354431381       -0.4054040382       -0.0148171657       -0.2466229562       -0.0079956794       -0.0002725610       -0.0004168567       -0.0003023282       -0.0006596057       -0.0006494595       -0.0015430638       -0.0004534729       -0.0016288765
  43   1.394  -0.303  -0.652       -0.1730550615       -0.0125283364       -0.1513962614       -0.0060474784       -0.3625941664       -0.0168188130       -0.1960360030       -0.1309770281       -0.2298469682       -0.0382620523       -0.1778245095       -0.0104855384       -0.4109070355       -0.0149304375       -0.2492304139       -0.0079656049       -0.0003399793       -0.0003251127       -0.0003979633       -0.0007306779       -0.0007695468       -0.0013759263       -0.0005261913       -0.0019341948
  44   1.475  -0.263  -0.631       -0.1749108654       -0.0099576188       -0.1606681467       -0.0061414048       -0.3577152709       -0.0175894391       -0.2135351367       -0.1722200843       -0.2161279769       -0.0219753618       -0.1636408839       -0.0069935042       -0.4169521200       -0.0151394793       -0.2502708727       -0.0079149414       -0.0004636230       -0.0002730213       -0.0006315786       -0.0007974442       -0.0008684344       -0.0011831344       -0.0006595300       -0.0020975995
  45   1.556  -0.222  -0.611       -0.1781197041       -0.0087995100       -0.1673856397       -0.0064913353       -0.3561299387       -0.0184153239       -0.2605010143       -0.1916286308       -0.2108179453       -0.0143510327       -0.1601550913       -0.0062197079       -0.4241636064       -0.0155069395       -0.2525609179       -0.0079963643       -0.0006078528       -0.0002448345       -0.0009717323       -0.0008754682       -0.0009360007       -0.0010257341       -0.0008340273       -0.0020782106
  46   1.636  -0.182  -0.591       -0.1792212000       -0.0086906293       -0.1708712783       -0.0069855522       -0.3623561136       -0.0180343246       -0.2546708266       -0.2195714831       -0.2125753256       -0.0146780369       -0.1621180973       -0.0064715178       -0.4325579084       -0.0160391686       -0.2578330023       -0.0082856127       -0.0007606563       -0.0002301381       -0.0012991637       -0.0009819889       -0.0009830247       -0.0009284509       -0.0010073394       -0.0019831863
  47   1.717  -0.141  -0.571       -0.1784102360       -0.0095040002       -0.1714136710       -0.0076007218       -0.3744069318       -0.0172213733       -0.1836577228       -0.2413129015       -0.2189553429       -0.0230367030       -0.1689734519       -0.0077752308       -0.4410383571       -0.0166603081       -0.2654929624       -0.0087394617       -0.0009191352       -0.0002242622       -0.0015071394       -0.0011200835       -0.0010129899       -0.0008962239       -0.0011415644       -0.0019199132
  48   1.798  -0.101  -0.551       -0.1779413572       -0.0113470015       -0.1699077719       -0.0080364208       -0.3867489458       -0.0168597383       -0.1241195365       -0.1988638852       -0.2177947225       -0.0270571218       -0.1817240088       -0.0108360231       -0.4482043420       -0.0172536877       -0.2734002656       -0.0092296820       -0.0010680724       -0.0002246767       -0.0015903928       -0.0012591969       -0.0010237262       -0.0009170352       -0.0012287571       -0.0019037217
  49   1.879  -0.061  -0.530       -0.1799960851       -0.0134370513       -0.1680285024       -0.0083006699       -0.3943030152       -0.0170440300       -0.1172709400       -0.1576529113       -0.2219618128       -0.0241245545       -0.1990205987       -0.0164275495       -0.4534467044       -0.0177265400       -0.2796426020       -0.0096239861       -0.0011824215       -0.0002284043       -0.0016166013       -0.0013576609       -0.0010231028       -0.0009591242       -0.0012868790       -0.0019126273
   4  -1.758  -1.879  -1.439       -0.1582743396       -0.0124420972       -0.1972306042       -0.0086176494       -0.2923568034       -0.0107363402       -0.1634956649       -0.0468598760       -0.1537805414       -0.0069914339       -0.1497143713       -0.0076578546       -0.3341065680       -0.0115375666       -0.2244590998       -0.0062877604       -0.0008182874       -0.0001756420       -0.0012136499       -0.0007461503       -0.0005486157       -0.0003076109       -0.0008127569       -0.0006256755
  50   1.960  -0.020  -0.510       -0.1827106353       -0.0154199234       -0.1671911910       -0.0085475735       -0.3965777556       -0.0173789992       -0.1216064239       -0.1414284746       -0.2267263401       -0.0214385056       -0.2135032210       -0.0225986906       -0.4568224586       -0.0180273102       -0.2835722543       -0.0098531933       -0.0012453620       -0.0002313332       -0.0016387185       -0.0014058152       -0.0010248560       -0.0009862289       -0.0013372704       -0.0019391350
  51   2.040   0.020  -0.490       -0.1834128506       -0.0154380532       -0.1682548072       -0.0087436280       -0.3971395799       -0.0173743296       -0.1172580632       -0.1453308972       -0.2288102249       -0.0217936061       -0.2156018923       -0.0230063056       -0.4587409118       -0.0181418367       -0.2854406525       -0.0099101139       -0.0012523744       -0.0002304672       -0.0016633157       -0.0014262632       -0.0010360558       -0.0009773800       -0.0013904487       -0.0019855749
  52   2.121   0.061  -0.470       -0.1818782083       -0.0134851363       -0.1711799665       -0.0088469034       -0.3963358577       -0.0170339899       -0.1043437467       -0.1743409385       -0.2286178014       -0.0245460070       -0.2048791738       -0.0174410177       -0.4594598284       -0.0180832309       -0.2854406678       -0.0098104905       -0.0012026809       -0.0002266449       -0.0016938000       -0.0014192397       -0.0010541232       -0.0009362097       -0.0014433729       -0.0020494200
  53   2.202   0.101  -0.449       -0.1805655431       -0.0114250096       -0.1751217691       -0.0088941464       -0.3910451677       -0.0168494146       -0.1115852126       -0.2404725383       -0.2283985962       -0.0257118697       -0.1903877106       -0.0120951633       -0.4590964767       -0.0178898782       -0.2836791477       -0.0095861990       -0.0010993730       -0.0002235305       -0.0017247202       -0.0013658451       -0.0010700267       -0.0008917407       -0.0014796578       -0.0021264330
  54   2.283   0.141  -0.429       -0.1814799097       -0.0097436848       -0.1787854978       -0.0087679400       -0.3817028421       -0.0172094739       -0.1901939141       -0.3036624900       -0.2303487963       -0.0209020654       -0.1797227685       -0.0090873447       -0.4578918455       -0.0176274630       -0.2809969251       -0.0093152799       -0.0009584010       -0.0002237665       -0.0016959967       -0.0012815050       -0.0010744093       -0.0008885308       -0.0014728328       -0.0022333528
  55   2.364   0.182  -0.409       -0.1830715900       -0.0092309328       -0.1805236179       -0.0084197184       -0.3733853612       -0.0180539204       -0.2762016178       -0.2918835517       -0.2273030720       -0.0147069642       -0.1750259148       -0.0078619843       -0.4564922959       -0.0173893676       -0.2794242141       -0.0091309339       -0.0008048039       -0.0002276080       -0.0015277340       -0.0012113442       -0.0010666175       -0.0009638251       -0.0014006184       -0.0024159708
  56   2.444   0.222  -0.389       -0.1833475072       -0.0097686924       -0.1791234101       -0.0082699540       -0.3719341116       -0.0186327744       -0.2738682711       -0.2781779614       -0.2312569252       -0.0161646948       -0.1764362275       -0.0079655293       -0.4559337159       -0.0172724942       -0.2811615847       -0.0091636885       -0.0006544146       -0.0002358258       -0.0012120416       -0.0011835884       -0.0010532729       -0.0011324867       -0.0012659955       -0.0026760686
  57   2.525   0.263  -0.369       -0.1822280057       -0.0116851945       -0.1739172897       -0.0083062298       -0.3791647066       -0.0183321110       -0.1812733339       -0.2517675544       -0.2436541381       -0.0283683580       -0.1865901372       -0.0099868620       -0.4567095131       -0.0173152872       -0.2865796637       -0.0094519298       -0.0005105742       -0.0002549071       -0.0008492327       -0.0011827090       -0.0010283959       -0.0013958861       -0.0011004543       -0.0028738421
  58   2.606   0.303  -0.348       -0.1835668717       -0.0144382747       -0.1658118485       -0.0083714525       -0.3895952199       -0.0181008479       -0.1638719589       -0.1502141500       -0.2679035143       -0.0558669662       -0.2164593235       -0.0187576812       -0.4582040095       -0.0174663499       -0.2929926803       -0.0098759974       -0.0003839497       -0.0003048408       -0.0005638698       -0.0011688332       -0.0009696537       -0.0017385712       -0.0009436041       -0.0028205877
  59   2.687   0.343  -0.328       -0.1962173448       -0.0194312835       -0.1595408695       -0.0105111715       -0.3896192353       -0.0192779010       -0.1904020855       -0.0765311584       -0.2402399136       -0.0870930887       -0.2757427973       -0.0899091448       -0.4595187925       -0.0176392890       -0.2961762920       -0.0102011088       -0.0003069042       -0.0004238792       -0.0003993086       -0.0010993669       -0.0008726591       -0.0020873627       -0.0008217380       -0.0025071699
   5  -1.677  -1.838  -1.419       -0.1590801432       -0.0098026265       -0.1958913253       -0.0084192116       -0.2817767470       -0.0105264422       -0.1669774849       -0.0508614602       -0.1467363395       -0.0060555620       -0.1490049126       -0.0072409185       -0.3287677781       -0.0112252463       -0.2142460387       -0.0058897373       -0.0007045828       -0.0001787752       -0.0011378604       -0.0006364403       -0.0005712223       -0.0003596442       -0.0007681730       -0.0007086080
  60   2.768   0.384  -0.308       -0.2207814770       -0.0305339663       -0.1636539982       -0.0166634927       -0.3294199534       -0.0282544854       -0.3209299702       -0.0369685825       -0.2338817345       -0.0725788121       -0.2657061039       -0.1414367934       -0.4604500183       -0.0177784378       -0.2946096051       -0.0102875066       -0.0003096594       -0.0006281440       -0.0003696973       -0.0009196929       -0.0007633986       -0.0023313448       -0.0007421066       -0.0021072280
  61   2.848   0.424  -0.288       -0.2446655000       -0.0543980601       -0.1842861493       -0.0278564060       -0.2558892834       -0.0470978712       -0.4393535380       -0.0191260235       -0.2422646041       -0.0382766587       -0.1997867735       -0.2126196205       -0.4613493712       -0.0178600415       -0.2903858023       -0.0101899873       -0.0003898245       -0.0008447494       -0.0006142213       -0.0005569517       -0.0006565272       -0.0024160779       -0.0007025869       -0.0017692888
  62   2.929   0.465  -0.268       -0.2558010055       -0.0730074521       -0.2039311685       -0.0408531673       -0.2776762762       -0.0528344362       -0.4288236471       -0.0211777365       -0.2489928462       -0.0306980946       -0.1730249747       -0.1461939529       -0.4625592562       -0.0178732533       -0.2859010322       -0.0100190368       -0.0005212431       -0.0009943746       -0.0007075800       -0.0005363388       -0.0005790230       -0.0023265492       -0.0007033020       -0.0015321605
  63   3.010   0.505  -0.247       -0.2553862305       -0.0709088654       -0.2134663932       -0.0437987366       -0.2929664359       -0.0459915960       -0.3709057183       -0.0286569410       -0.2358785149       -0.0415495544       -0.2440181030       -0.0735081603       -0.4646902659       -0.0178156756       -0.2815709733       -0.0098132572       -0.0006792315       -0.0010548202       -0.0008158129       -0.0006548234       -0.0007232186       -0.0019609803       -0.0007527122       -0.0013780956
  64   3.091   0.545  -0.227       -0.2227471131       -0.0480715301       -0.2262488098       -0.0492718839       -0.3721274477       -0.0365419945       -0.2662950423       -0.0241421690       -0.2814654336       -0.0592330513       -0.1683464172       -0.1178016822       -0.2825581167       -0.0097899556       -0.4623652216       -0.0174662735       -0.0010857777       -0.0007681424       -0.0009901627       -0.0006905710       -0.0015429272       -0.0010355680       -0.0012800156       -0.0008689100
  65   3.172   0.586  -0.207       -0.2091090594       -0.0355962041       -0.2114480043       -0.0328054081       -0.3256561843       -0.0299964796       -0.3120730263       -0.0222504512       -0.2542666524       -0.0756897216       -0.2347267181       -0.2054768393       -0.2806005220       -0.0096348162       -0.4620988547       -0.0170746061       -0.0009784969       -0.0008351836       -0.0012943758       -0.0006069112       -0.0010853080       -0.0014324646       -0.0012135592       -0.0010756751
  66   3.253   0.626  -0.187       -0.1899090447       -0.0246787902       -0.2009435919       -0.0175681212       -0.2947920766       -0.0179391382       -0.3251896601       -0.0384320317       -0.2359725204       -0.1306137792       -0.2981866943       -0.1252970060       -0.2800232412       -0.0095217651       -0.4572252057       -0.0164040027       -0.0008019196       -0.0007613159       -0.0012539505       -0.0007973790       -0.0008380647       -0.0016237636       -0.0011610771       -0.0013675285
  67   3.333   0.667  -0.167       -0.1713489309       -0.0159262869       -0.2140250293       -0.0125910941       -0.2924973110       -0.0166510131       -0.2824789043       -0.0768070058       -0.2426378717       -0.1439594739       -0.2803336278       -0.0845346594       -0.2796458361       -0.0094114872       -0.4467141368       -0.0154950137       -0.0005942290       -0.0005867274       -0.0011624155       -0.0009395836       -0.0007129260       -0.0015132201       -0.0011166785       -0.0016325021
  68   3.414   0.707  -0.146       -0.1586406713       -0.0114047668       -0.2357074158       -0.0116917133       -0.2869975046       -0.0174750108       -0.2683942046       -0.1041826461       -0.3161129602       -0.1341788873       -0.2868328976       -0.0508595432       -0.2789184375       -0.0092924281       -0.4326052376       -0.0145489705       -0.0004410286       -0.0004153228       -0.0010875998       -0.0009183721       -0.0006603677       -0.0011204500       -0.0010963168       -0.0016560424
  69   3.495   0.747  -0.126       -0.1523939055       -0.0090299935       -0.2522727667       -0.0120407378       -0.2800493000       -0.0194195232       -0.2833139336       -0.1438376382       -0.3106188671       -0.0668254483       -0.2766939163       -0.0293477693       -0.2775748349       -0.0091655520       -0.4201567440       -0.0138420048       -0.0004113516       -0.0002963009       -0.0011255214       -0.0007874798       -0.0006519649       -0.0006415577       -0.0011369386       -0.0013882902
   6  -1.596  -1.798  -1.399       -0.1582019997       -0.0091679482       -0.1924603397       -0.0082005894       -0.2756864432       -0.0104694493       -0.1701692435       -0.0520820389       -0.1433561003       -0.0057084418       -0.1477860218       -0.0070791077       -0.3250401985       -0.0110287735       -0.2085506323       -0.0056770322       -0.0005965232       -0.0001845305       -0.0009680381       -0.0005457048       -0.0005848735       -0.0004542531       -0.0006921658       -0.0008673803
  70   3.576   0.788  -0.106       -0.1500370340       -0.0077762671       -0.2601527980       -0.0127605351       -0.2758092360       -0.0208299936       -0.3107194183       -0.1337330812       -0.2957173273       -0.0540598670       -0.2755343478       -0.0266784286       -0.2757702237       -0.0090487042       -0.4131980524       -0.0135129004       -0.0005197303       -0.0002304588       -0.0013794602       -0.0006795866       -0.0007362001       -0.0003010173       -0.0012689376       -0.0010881202
  71   3.657   0.828  -0.086       -0.1494604271       -0.0071933301       -0.2606135709       -0.0135479920       -0.2752389308       -0.0199501211       -0.3075038834       -0.1224484246       -0.2998040603       -0.0668483301       -0.2835523371       -0.0313672881       -0.2736454035       -0.0089516856       -0.4116401611       -0.0135100314       -0.0007403683       -0.0002143550       -0.0018245028       -0.0007048901       -0.0009822824       -0.0002145956       -0.0014799374       -0.0010041992
  72   3.737   0.869  -0.066       -0.1496788724       -0.0069258701       -0.2557569792       -0.0143276454       -0.2771210494       -0.0172685202       -0.2949227894       -0.1049961509       -0.3085179016       -0.1153059506       -0.2999011604       -0.0471704263       -0.2710897814       -0.0088653616       -0.4128583823       -0.0136804829       -0.0010266056       -0.0002452009       -0.0022909111       -0.0008834514       -0.0013654232       -0.0003729137       -0.0017123074       -0.0011371802
  73   3.818   0.909  -0.045       -0.1503237909       -0.0067908274       -0.2481277836       -0.0150518032       -0.2799959298       -0.0141616166       -0.3006011177       -0.0761667332       -0.2688743642       -0.1846076124       -0.3092415909       -0.0837905639       -0.2679960351       -0.0087746975       -0.4139324368       -0.0138628084       -0.0013151102       -0.0003102866       -0.0025944678       -0.0011202881       -0.0017976630       -0.0006750744       -0.0019011542       -0.0013443483
  74   3.899   0.949  -0.025       -0.1508233853       -0.0067947831       -0.2407141531       -0.0154943181       -0.2829740733       -0.0119173661       -0.3238321501       -0.0489909591       -0.2006206810       -0.2120290192       -0.2942489630       -0.1114271114       -0.2644588909       -0.0086721894       -0.4129116469       -0.0139354683       -0.0015337930       -0.0003799942       -0.0026861799       -0.0012557292       -0.0022066973       -0.0009683130       -0.0020109427       -0.0015027067
  75   3.980   0.990  -0.005       -0.1502437562       -0.0068731952       -0.2361731084       -0.0155666424       -0.2859102793       -0.0110147008       -0.3390845073       -0.0282745767       -0.1636118075       -0.2194383848       -0.2828614750       -0.1189835703       -0.2606886673       -0.0085558589       -0.4089182238       -0.0138257138       -0.0016247893       -0.0004173753       -0.0026645414       -0.0011866774       -0.0025001856       -0.0011151062       -0.0020376555       -0.0015600201
  76   4.061   1.030   0.015       -0.1480673425       -0.0069039094       -0.2356332000       -0.0155319513       -0.2884532253       -0.0112677859       -0.3051421829       -0.0352544062       -0.1909676463       -0.2050722206       -0.2815532602       -0.1153850240       -0.2568485053       -0.0084267095       -0.4018075038       -0.0135129044       -0.0015647844       -0.0004020424       -0.0026275693       -0.0010893629       -0.0024101930       -0.0010542257       -0.0019877315       -0.0015089638
  77   4.141   1.071   0.035       -0.1448055101       -0.0068953235       -0.2384468627       -0.0151964883       -0.2889457774       -0.0125066096       -0.2567261413       -0.0576833338       -0.2490331333       -0.1756175196       -0.2895236577       -0.0983448213       -0.2529251221       -0.0082847375       -0.3918168432       -0.0130217550       -0.0013696867       -0.0003445288       -0.0025412783       -0.0009457060       -0.0020230171       -0.0008200792       -0.0018628743       -0.0013610383
  78   4.222   1.111   0.056       -0.1416742521       -0.0069448060       -0.2423537845       -0.0143271785       -0.2860122954       -0.0144302600       -0.2288104565       -0.0811157364       -0.2960434340       -0.1180249224       -0.2889689202       -0.0612539048       -0.2488894340       -0.0081343094       -0.3798084823       -0.0124231276       -0.0010896444       -0.0002759723       -0.0022943934       -0.0007173019       -0.0015710149       -0.0005254628       -0.0016647777       -0.0011536005
  79   4.303   1.152   0.076       -0.1393641618       -0.0070084956       -0.2446913596       -0.0134415494       -0.2810292819       -0.0162206786       -0.2259584487       -0.0976270775       -0.2910424627       -0.0579508555       -0.2685525021       -0.0358078253       -0.2448170437       -0.0079866997       -0.3674994527       -0.0118261926       -0.0007924037       -0.0002254464       -0.0018593478       -0.0005337180       -0.0011540012       -0.0003131712       -0.0014132928       -0.0009752126
   7  -1.515  -1.758  -1.379       -0.1548703617       -0.0101554270       -0.1855999407       -0.0080495855       -0.2767047679       -0.0103956396       -0.1668337302       -0.0544373253       -0.1448039608       -0.0063931479       -0.1451734656       -0.0071968129       -0.3239902012       -0.0110235535       -0.2092611589       -0.0057312266       -0.0004991107       -0.0001938888       -0.0007330398       -0.0004865051       -0.0005925044       -0.0005890620       -0.0006005807       -0.0010687376
  80   4.384   1.192   0.096       -0.1377101010       -0.0071988796       -0.2438175178       -0.0128234072       -0.2775741272       -0.0169851264       -0.2288496572       -0.1018593815       -0.2725034812       -0.0350298092       -0.2534290377       -0.0268294441       -0.2410824372       -0.0078672490       -0.3577139072       -0.0113760803       -0.0005378683       -0.0002077026       -0.0013530751       -0.0004953126       -0.0008571614       -0.0002943954       -0.0011561110       -0.0009545100
  81   4.465   1.232   0.116       -0.1366977528       -0.0079380797       -0.2383026278       -0.0123430296       -0.2788292641       -0.0163571072       -0.2149486576       -0.1072937439       -0.2695886999       -0.0333543466       -0.2465200222       -0.0253496301       -0.2381139834       -0.0078011019       -0.3534348698       -0.0112150511       -0.0003639014       -0.0002273546       -0.0009445486       -0.0006051386       -0.0007213566       -0.0005102168       -0.0009504140       -0.0011575823
  82   4.545   1.273   0.136       -0.1373946893       -0.0093959961       -0.2266459284       -0.0119942709       -0.2865229642       -0.0150347677       -0.1803250657       -0.0913746019       -0.2816816781       -0.0558033824       -0.2473975607       -0.0327795129       -0.2361294122       -0.0078009519       -0.3563741616       -0.0114391356       -0.0002871527       -0.0002894918       -0.0007236571       -0.0007781818       -0.0006836494       -0.0009063236       -0.0008277356       -0.0014509030
  83   4.626   1.313   0.157       -0.1423581933       -0.0122604335       -0.2083425038       -0.0117264516       -0.3005322172       -0.0144680226       -0.1901964657       -0.0594250658       -0.2472200752       -0.1049798787       -0.2407730732       -0.0601830300       -0.2349803517       -0.0078580598       -0.3652354353       -0.0120260396       -0.0003026926       -0.0004054746       -0.0006580263       -0.0008928291       -0.0006453062       -0.0013203151       -0.0007782219       -0.0015629443
  84   4.707   1.354   0.177       -0.1529112834       -0.0186390784       -0.1902936056       -0.0122453659       -0.3235826026       -0.0153630636       -0.2032388517       -0.0312468210       -0.2246302356       -0.0866166582       -0.2302995020       -0.0765322291       -0.2343553822       -0.0079506541       -0.3756036584       -0.0127951671       -0.0003779613       -0.0005713608       -0.0006601493       -0.0008475404       -0.0005983438       -0.0015519157       -0.0007692821       -0.0013953680
  85   4.788   1.394   0.197       -0.1646847147       -0.0289045842       -0.1872260267       -0.0196320559       -0.3758296201       -0.0201026414       -0.1982513732       -0.0192640569       -0.2022168748       -0.0654757281       -0.2214851372       -0.1286660898       -0.2340312812       -0.0080546431       -0.3833836596       -0.0135098473       -0.0004619411       -0.0007150491       -0.0006801754       -0.0006654490       -0.0005905870       -0.0015039433       -0.0007737201       -0.0011040512
  86   4.869   1.434   0.217       -0.1736629683       -0.0396788935       -0.1923553343       -0.0370858639       -0.3674449568       -0.0279105578       -0.2405755614       -0.0158483074       -0.1991022591       -0.0389116129       -0.1691316282       -0.1173351612       -0.2337264127       -0.0081444306       -0.3880424808       -0.0140600988       -0.0005146492       -0.0007501875       -0.0006295666       -0.0005494340       -0.0006544963       -0.0012256001       -0.0007810779       -0.0008461329
  87   4.949   1.475   0.237       -0.1749945407       -0.0596408392       -0.1999976148       -0.0321440621       -0.3883346089       -0.0305903372       -0.2097067567       -0.0219272992       -0.1973747211       -0.0371738149       -0.2085766605       -0.0397731782       -0.2030549842       -0.0069184931       -0.4210572239       -0.0157162531       -0.0006149957       -0.0005960082       -0.0005057075       -0.0006070303       -0.0008238957       -0.0007510516       -0.0008020091       -0.0006565408
  88   5.030   1.515   0.258       -0.1985619747       -0.0561554045       -0.1735972986       -0.0409916472       -0.2928498156       -0.0379884006       -0.2871024561       -0.0173505835       -0.2785759387       -0.0238163920       -0.1546979507       -0.0516476951       -0.3872367998       -0.0144333858       -0.2382464320       -0.0084316311       -0.0005490650       -0.0005275710       -0.0005543885       -0.0004995619       -0.0004642167       -0.0008794930       -0.0005505971       -0.0008174220
  89   5.111   1.556   0.278       -0.1949728137       -0.0503326430       -0.1579832738       -0.0313766917       -0.2505370196       -0.0359351403       -0.3549192767       -0.0155747632       -0.2424400963       -0.0210292415       -0.1458394232       -0.0983404424       -0.3872743062       -0.0144725174       -0.2389612525       -0.0084301720       -0.0004305624       -0.0004798003       -0.0004870111       -0.0003962679       -0.0003852421       -0.0009410933       -0.0004812434       -0.0008679132
   8  -1.434  -1.717  -1.359       -0.1495012797       -0.0131082848       -0.1746261190       -0.0077426302       -0.2833804296       -0.0104629189       -0.1664179171       -0.0410270674       -0.1523285330       -0.0091410313       -0.1431142153       -0.0080981887       -0.3256159476       -0.0112072349       -0.2160348812       -0.0060521034       -0.0004105727       -0.0002110072       -0.0005142502       -0.0004512881       -0.0005866842       -0.0007542799       -0.0005189203       -0.0012040376
  90   5.192   1.596   0.298       -0.1845340449       -0.0364911100       -0.1408406119       -0.0193909981       -0.1973335367       -0.0267914456       -0.4090666472       -0.0209067082       -0.1985112226       -0.0294246499       -0.1887530916       -0.1087369338       -0.3860421892       -0.0143725136       -0.2395829923       -0.0083590046       -0.0003356243       -0.0004100744       -0.0004508069       -0.0003187881       -0.0003950776       -0.0009512253       -0.0004481062       -0.0009550254
  91   5.273   1.636   0.318       -0.1687148166       -0.0239028732       -0.1339980822       -0.0111451134       -0.2693804033       -0.0149871854       -0.3040150345       -0.0368010481       -0.1785968396       -0.0419997639       -0.1863720543       -0.0662087059       -0.3836956678       -0.0141607991       -0.2382606968       -0.0081357059       -0.0002892787       -0.0003331013       -0.0003843751       -0.0003653758       -0.0004243299       -0.0009065456       -0.0004487654       -0.0010779158
  92   5.354   1.677   0.338       -0.1581145669       -0.0160840327       -0.1409743967       -0.0071459224       -0.2994877369       -0.0136220917       -0.2288926824       -0.0759874353       -0.1800813817       -0.0450024905       -0.1801968471       -0.0196019494       -0.3800531710       -0.0138681515       -0.2333302252       -0.0077217823       -0.0003040711       -0.0002746976       -0.0004047909       -0.0004016087       -0.0004650833       -0.0007975071       -0.0004865604       -0.0011933534
  93   5.434   1.717   0.359       -0.1554313613       -0.0120012194       -0.1516552352       -0.0065963743       -0.2992871121       -0.0135203258       -0.2065186432       -0.0978984935       -0.1735288102       -0.0198840784       -0.1558139482       -0.0088018388       -0.3751824932       -0.0135321897       -0.2253339374       -0.0071991234       -0.0003679536       -0.0002404334       -0.0005304069       -0.0004312760       -0.0004946316       -0.0006462786       -0.0005628795       -0.0012095926
  94   5.515   1.758   0.379       -0.1565297386       -0.0093196317       -0.1590947299       -0.0067668405       -0.2932358664       -0.0137533699       -0.2220600981       -0.1281955209       -0.1645310844       -0.0119468939       -0.1478539871       -0.0069401816       -0.3700248552       -0.0132365595       -0.2175822626       -0.0067585923       -0.0004544676       -0.0002201713       -0.0007489620       -0.0004722523       -0.0005004850       -0.0004937344       -0.0006655669       -0.0010758210
  95   5.596   1.798   0.399       -0.1562724331       -0.0085353892       -0.1619460479       -0.0069620928       -0.2912987177       -0.0135407415       -0.2323114693       -0.1260817417       -0.1596814227       -0.0087618097       -0.1456970741       -0.0066587348       -0.3657892699       -0.0130588231       -0.2130834552       -0.0065330198       -0.0005490425       -0.0002068217       -0.0009889644       -0.0005319503       -0.0004913162       -0.0003686831       -0.0007661034       -0.0008705659
  96   5.677   1.838   0.419       -0.1531946697       -0.0090426400       -0.1609411882       -0.0072283646       -0.2954447466       -0.0128780689       -0.2073351248       -0.1299995274       -0.1605921815       -0.0094876624       -0.1459893789       -0.0070625630       -0.3628091705       -0.0130179852       -0.2124505869       -0.0065309157       -0.0006505151       -0.0001980086       -0.0011570850       -0.0006147419       -0.0004766540       -0.0002862918       -0.0008346656       -0.0007179051
  97   5.758   1.879   0.439       -0.1478384447       -0.0109587385       -0.1572140926       -0.0073955222       -0.3027779200       -0.0123898717       -0.1667438289       -0.1139293094       -0.1630043985       -0.0124955811       -0.1481501871       -0.0081054720       -0.3603582635       -0.0130567905       -0.2142553336       -0.0066704808       -0.0007542363       -0.0001932829       -0.0012193074       -0.0007071125       -0.0004597548       -0.0002493627       -0.0008603312       -0.0006553180
  98   5.838   1.919   0.460       -0.1425312720       -0.0123619190       -0.1524174422       -0.0073260708       -0.3088941664       -0.0122668926       -0.1524687056       -0.0837951859       -0.1666753997       -0.0123787928       -0.1520529383       -0.0099760941       -0.3575463261       -0.0130877375       -0.2163526713       -0.0068326157       -0.0008448580       -0.0001921098       -0.0012153713       -0.0007791768       -0.0004452704       -0.0002466054       -0.0008548201       -0.0006445428
  99   5.919   1.960   0.480       -0.1395480533       -0.0135654072       -0.1482834946       -0.0072498161       -0.3116257340       -0.0123374983       -0.1534053944       -0.0660556245       -0.1709296368       -0.0117402018       -0.1560285865       -0.0124299428       -0.3539526099       -0.0130478792       -0.2172233545       -0.0069228455       -0.0009065981       -0.0001927192       -0.0011994276       -0.0008146735       -0.0004403303       -0.0002586337       -0.0008375368       -0.0006468942
   9  -1.354  -1.677  -1.338       -0.1473261041       -0.0160059595       -0.1597224414       -0.0077124504       -0.2887357553       -0.0108257286       -0.1886283523       -0.0304549918       -0.1620855104       -0.0186807219       -0.1478522448       -0.0132156369       -0.3287112666       -0.0115057078       -0.2256885142       -0.0065375152       -0.0003380402       -0.0002469308       -0.0003745306       -0.0004266395       -0.0005544814       -0.0009279048       -0.0004635392       -0.0011999969
