 100   6.000   2.000   0.500       -0.1506116997       -0.0111640994       -0.1806964739       -0.0126142448       -0.1267161773       -0.0043077216       -0.1326648875       -0.0048778147       -0.3202721549       -0.0097112473       -0.1817357079       -0.0049415472       -0.3269168033       -0.0102060803       -0.2023917618       -0.0056339068       -0.0012438661       -0.0008206863       -0.0002162156       -0.0002434834       -0.0006966915       -0.0004090444       -0.0006847020       -0.0004963669
  10  -1.273  -1.636  -1.318       -0.1717127018       -0.0186370990       -0.1693935515       -0.0136115710       -0.1412662873       -0.0062511905       -0.1376680980       -0.0057022613       -0.3045281257       -0.0091192037       -0.2085967762       -0.0058550588       -0.3131597106       -0.0095706380       -0.2203194152       -0.0060387002       -0.0003369702       -0.0003560096       -0.0002485823       -0.0005531256       -0.0003149400       -0.0008528326       -0.0003503715       -0.0009570687
  11  -1.192  -1.596  -1.298       -0.1867655449       -0.0260071872       -0.1942012146       -0.0302664561       -0.1485445496       -0.0096364239       -0.1391212033       -0.0072730267       -0.3115969188       -0.0094048447       -0.2230737186       -0.0064389503       -0.3167045195       -0.0097912593       -0.2287597988       -0.0064396128       -0.0003522097       -0.0004167502       -0.0002452747       -0.0007324692       -0.0002920808       -0.0007775326       -0.0003328685       -0.0008237428
  12  -1.111  -1.556  -1.278       -0.2000539472       -0.0342365462       -0.2006280592       -0.0419547612       -0.1676808536       -0.0147792200       -0.1539593772       -0.0120334893       -0.3155452207       -0.0095753109       -0.2308361513       -0.0067830198       -0.3192317643       -0.0099392676       -0.2319655868       -0.0066425676       -0.0004024977       -0.0005171376       -0.0002659390       -0.0008354395       -0.0002912991       -0.0006852775       -0.0003366096       -0.0007275476
  13  -1.030  -1.515  -1.258       -0.2088637942       -0.0412792596       -0.1998628788       -0.0412945272       -0.1848406315       -0.0174792935       -0.1728436654       -0.0231660736       -0.3177923496       -0.0096619144       -0.2338665419       -0.0069390727       -0.3210321145       -0.0100175437       -0.2327819667       -0.0067327841       -0.0004631142       -0.0006082021       -0.0003730466       -0.0008312654       -0.0003104885       -0.0006203727       -0.0003597390       -0.0006693644
  14  -0.949  -1.475  -1.237       -0.2071531866       -0.0400852754       -0.1919611767       -0.0287299415       -0.1902540115       -0.0223532350       -0.1761252012       -0.0178749107       -0.2754038645       -0.0082559221       -0.2777658198       -0.0083956776       -0.2391546623       -0.0070440810       -0.3153705815       -0.0097269430       -0.0005470126       -0.0006470559       -0.0007624495       -0.0005378937       -0.0004209225       -0.0005175144       -0.0005470964       -0.0004983911
  15  -0.869  -1.434  -1.217       -0.1811217545       -0.0283006866       -0.1882170658       -0.0234175870       -0.1809522817       -0.0177324109       -0.1708997974       -0.0093281609       -0.2296678039       -0.0068274320       -0.3206274556       -0.0096633849       -0.2280279477       -0.0066066054       -0.3246115893       -0.0100078790       -0.0006754128       -0.0006099414       -0.0006191748       -0.0007181411       -0.0005590151       -0.0004467945       -0.0006166070       -0.0005024102
  16  -0.788  -1.394  -1.197       -0.1651253049       -0.0191142947       -0.1778546044       -0.0171307090       -0.1676444357       -0.0110899991       -0.1667942751       -0.0074491216       -0.2273179826       -0.0067374638       -0.3119849872       -0.0092743517       -0.2257215647       -0.0065163415       -0.3195739658       -0.0096670170       -0.0006578971       -0.0006405943       -0.0004609030       -0.0007980759       -0.0005366138       -0.0005981602       -0.0005989078       -0.0006627933
  17  -0.707  -1.354  -1.177       -0.1510803871       -0.0121691155       -0.1637614479       -0.0091681212       -0.1608718949       -0.0080521317       -0.1729016829       -0.0069114702       -0.2229892553       -0.0065796583       -0.2960836441       -0.0086490095       -0.2218600258       -0.0063586272       -0.3076741272       -0.0090464199       -0.0005772713       -0.0006022438       -0.0003497280       -0.0007201586       -0.0005093714       -0.0007501700       -0.0005795199       -0.0008667098
  18  -0.626  -1.313  -1.157       -0.1396422767       -0.0082094257       -0.1593471955       -0.0070928949       -0.1637253527       -0.0070139895       -0.1815110248       -0.0068882836       -0.2176045936       -0.0064008172       -0.2791557575       -0.0080169839       -0.2166998371       -0.0061506731       -0.2904111083       -0.0082657706       -0.0004702637       -0.0004969496       -0.0002929096       -0.0005692460       -0.0004820709       -0.0007780115       -0.0005630916       -0.0009765043
  19  -0.545  -1.273  -1.136       -0.1330954948       -0.0066747664       -0.1637286627       -0.0063026675       -0.1676637655       -0.0067701132       -0.1872686381       -0.0069862584       -0.2131761705       -0.0062692469       -0.2661805037       -0.0075345281       -0.2112704162       -0.0059368853       -0.2752763422       -0.0076382517       -0.0004121366       -0.0003664670       -0.0002934761       -0.0004200826       -0.0004831287       -0.0006665520       -0.0005706432       -0.0008566001
   1  -2.000  -2.000  -1.500       -0.1669373759       -0.0104249757       -0.1646727306       -0.0090005026       -0.1704612814       -0.0056736670       -0.1582775301       -0.0056630423       -0.3190097141       -0.0094218895       -0.1999286058       -0.0052757847       -0.3282362964       -0.0099734830       -0.2213508481       -0.0058245425       -0.0013960376       -0.0009156511       -0.0002080137       -0.0002565877       -0.0007070484       -0.0003923779       -0.0006999943       -0.0004697151
  20  -0.465  -1.232  -1.116       -0.1303220848       -0.0060257307       -0.1712817046       -0.0062893207       -0.1675527548       -0.0066664958       -0.1904553282       -0.0071602646       -0.2109164519       -0.0062072651       -0.2587551557       -0.0072666789       -0.2073789450       -0.0057893720       -0.2678432610       -0.0073530273       -0.0004685608       -0.0002567112       -0.0003645910       -0.0002956214       -0.0005519716       -0.0005130589       -0.0006304076       -0.0006133716
  21  -0.384  -1.192  -1.096       -0.1298243594       -0.0057750395       -0.1759961441       -0.0064903419       -0.1652667183       -0.0066456566       -0.1918033646       -0.0074114344       -0.2104138853       -0.0061896085       -0.2583590969       -0.0072753298       -0.2062158240       -0.0057536787       -0.2684229367       -0.0073945321       -0.0006554321       -0.0002000200       -0.0005166257       -0.0002258532       -0.0007053732       -0.0004406808       -0.0007509725       -0.0004776566
  22  -0.303  -1.152  -1.076       -0.1306034695       -0.0057722393       -0.1766586134       -0.0067511622       -0.1626633641       -0.0067704302       -0.1922722097       -0.0077574425       -0.2112207089       -0.0062088647       -0.2643522955       -0.0075471732       -0.2073523418       -0.0058148052       -0.2744560572       -0.0076611983       -0.0009340705       -0.0002075370       -0.0007508130       -0.0002353311       -0.0009152211       -0.0005145538       -0.0009082939       -0.0005379460
  23  -0.222  -1.111  -1.056       -0.1322547808       -0.0058485181       -0.1750119161       -0.0071163158       -0.1609980082       -0.0070940646       -0.1931133706       -0.0082176737       -0.2130938261       -0.0062662573       -0.2735651771       -0.0079686514       -0.2094983998       -0.0059186764       -0.2825600306       -0.0080250709       -0.0012320853       -0.0002684608       -0.0010484737       -0.0003188211       -0.0011219523       -0.0006895506       -0.0010644688       -0.0007180358
  24  -0.141  -1.071  -1.035       -0.1344275911       -0.0059544866       -0.1732036055       -0.0077172156       -0.1608908005       -0.0076035941       -0.1946917476       -0.0087478480       -0.2153151348       -0.0063437134       -0.2821036354       -0.0083797415       -0.2114540804       -0.0060157086       -0.2896348775       -0.0083610100       -0.0014786253       -0.0003461406       -0.0013664467       -0.0004365103       -0.0012787286       -0.0008712232       -0.0011910527       -0.0009002370
  25  -0.061  -1.030  -1.015       -0.1363478623       -0.0060687488       -0.1724106025       -0.0084867537       -0.1613680971       -0.0080892979       -0.1960183827       -0.0091901629       -0.2170378016       -0.0064074071       -0.2872903160       -0.0086461003       -0.2126197644       -0.0060784352       -0.2935991074       -0.0085693192       -0.0016390685       -0.0003991198       -0.0016266859       -0.0005307040       -0.0013762579       -0.0009921160       -0.0012762105       -0.0010117304
  26   0.020  -0.990  -0.995       -0.1371539583       -0.0061366133       -0.1731009468       -0.0088081563       -0.1604245086       -0.0081918144       -0.1958286336       -0.0093426961       -0.2178545068       -0.0064326369       -0.2880367955       -0.0086934593       -0.2129415065       -0.0060999927       -0.2935914331       -0.0085946107       -0.0017151202       -0.0004176790       -0.0017287508       -0.0005544414       -0.0014249131       -0.0010273259       -0.0013182875       -0.0010308002
  27   0.101  -0.949  -0.975       -0.1367386086       -0.0061646809       -0.1751045221       -0.0084111754       -0.1578592147       -0.0078199971       -0.1936631055       -0.0091466624       -0.2176847267       -0.0064110499       -0.2843166467       -0.0085082763       -0.2125780226       -0.0060840663       -0.2896971095       -0.0084320027       -0.0017095461       -0.0004044145       -0.0016307627       -0.0004965464       -0.0014275810       -0.0009783218       -0.0013138570       -0.0009589378
  28   0.182  -0.909  -0.955       -0.1359110912       -0.0062132196       -0.1779016403       -0.0078526124       -0.1556251469       -0.0072628616       -0.1905338214       -0.0087664734       -0.2165961786       -0.0063485328       -0.2769865572       -0.0081377409       -0.2117177718       -0.0060388187       -0.2828647906       -0.0081272724       -0.0016091997       -0.0003520993       -0.0013949561       -0.0003873943       -0.0013708691       -0.0008670895       -0.0012534706       -0.0008136375
  29   0.263  -0.869  -0.934       -0.1355719740       -0.0062698685       -0.1814522499       -0.0075847251       -0.1551019671       -0.0068241033       -0.1885498677       -0.0084360912       -0.2149513068       -0.0062677213       -0.2680259486       -0.0076928158       -0.2105752872       -0.0059768220       -0.2749346752       -0.0077691818       -0.0014124438       -0.0002833174       -0.0011128395       -0.0002816638       -0.0012405557       -0.0007499366       -0.0011324255       -0.0006526800
   2  -1.919  -1.960  -1.480       -0.1634501290       -0.0097303473       -0.1606124302       -0.0085710662       -0.1685942355       -0.0056076588       -0.1578255041       -0.0056064990       -0.3130212502       -0.0092469627       -0.1950864200       -0.0051440761       -0.3233892289       -0.0097909035       -0.2146727793       -0.0056152470       -0.0013605059       -0.0008849185       -0.0002111732       -0.0002489804       -0.0007051323       -0.0004055135       -0.0006948025       -0.0004834395
  30   0.343  -0.828  -0.914       -0.1363512534       -0.0064011552       -0.1845390339       -0.0075217357       -0.1565943557       -0.0066343783       -0.1888330504       -0.0082818608       -0.2137195027       -0.0062100841       -0.2609564387       -0.0073400885       -0.2096279399       -0.0059225561       -0.2686293172       -0.0074743082       -0.0011592446       -0.0002446185       -0.0008467082       -0.0002317801       -0.0010511260       -0.0007216812       -0.0009686880       -0.0005900233
  31   0.424  -0.788  -0.894       -0.1389683819       -0.0069531877       -0.1849446046       -0.0075706800       -0.1604752787       -0.0067515881       -0.1904303922       -0.0083069133       -0.2140307193       -0.0062152499       -0.2598531454       -0.0072454448       -0.2095626926       -0.0059087234       -0.2670650481       -0.0073650451       -0.0009206648       -0.0002698056       -0.0006308444       -0.0002663983       -0.0008534663       -0.0008618246       -0.0008065877       -0.0007430363
  32   0.505  -0.747  -0.874       -0.1446287005       -0.0079489562       -0.1817785006       -0.0078137180       -0.1669275212       -0.0072386799       -0.1923232144       -0.0085210303       -0.2162560791       -0.0062909068       -0.2672251919       -0.0075045739       -0.2105817524       -0.0059483963       -0.2730247171       -0.0075535233       -0.0007638845       -0.0003712371       -0.0004826100       -0.0003846439       -0.0007026231       -0.0011355727       -0.0006907119       -0.0011006681
  33   0.586  -0.707  -0.854       -0.1551073420       -0.0097657557       -0.1794527604       -0.0088699289       -0.1742625368       -0.0082012676       -0.1955057905       -0.0090789661       -0.2196428546       -0.0064047815       -0.2826365243       -0.0081034459       -0.2121427443       -0.0060199835       -0.2879335839       -0.0081172127       -0.0007204023       -0.0005364953       -0.0004143669       -0.0005661286       -0.0006216941       -0.0013833065       -0.0006346463       -0.0014303610
  34   0.667  -0.667  -0.833       -0.1713504540       -0.0136760473       -0.1870020592       -0.0121998707       -0.1821813867       -0.0103117225       -0.2017058346       -0.0103807307       -0.2227684462       -0.0065106472       -0.3034578850       -0.0089294752       -0.2137607253       -0.0060967697       -0.3093847155       -0.0090023623       -0.0007688372       -0.0007177755       -0.0004398734       -0.0007834812       -0.0005954756       -0.0014367924       -0.0006229135       -0.0014601406
  35   0.747  -0.626  -0.813       -0.1910948533       -0.0204146327       -0.2112251843       -0.0212459240       -0.1990752507       -0.0161136292       -0.2132161425       -0.0137281109       -0.2249187381       -0.0065883408       -0.3259215087       -0.0098223866       -0.2154264466       -0.0061702335       -0.3301436481       -0.0099389553       -0.0008474850       -0.0008550477       -0.0005428071       -0.0009765058       -0.0005954960       -0.0012378613       -0.0006323004       -0.0012117181
  36   0.828  -0.586  -0.793       -0.2173989636       -0.0284767444       -0.2250929577       -0.0517449388       -0.2298526534       -0.0258964728       -0.2384318871       -0.0270034479       -0.2268874402       -0.0066573539       -0.3433214151       -0.0105293373       -0.2175976404       -0.0062517509       -0.3447199103       -0.0106524577       -0.0009023543       -0.0008936271       -0.0007016090       -0.0010086080       -0.0006054880       -0.0009277756       -0.0006491121       -0.0009135431
  37   0.909  -0.545  -0.773       -0.2536133171       -0.0502235194       -0.2240134227       -0.0495941888       -0.2590171561       -0.0446793567       -0.2586618958       -0.0493743290       -0.2308237880       -0.0067844367       -0.3516744031       -0.0108710374       -0.2214868268       -0.0063830742       -0.3526763040       -0.0110607900       -0.0009467156       -0.0008026769       -0.0008997862       -0.0008228921       -0.0006229673       -0.0006796077       -0.0006717142       -0.0006906931
  38   0.990  -0.505  -0.753       -0.2687374590       -0.0689151600       -0.2418179658       -0.0531208140       -0.2717343055       -0.0609357870       -0.2654009609       -0.0518746314       -0.3622758925       -0.0112098272       -0.2288968087       -0.0066951227       -0.3624796155       -0.0114454554       -0.2215724217       -0.0063680094       -0.0007926303       -0.0008216771       -0.0006040900       -0.0010151175       -0.0005162576       -0.0006636065       -0.0005409999       -0.0007144535
  39   1.071  -0.465  -0.732       -0.2594843757       -0.0553364110       -0.2613035220       -0.0713454606       -0.2715458526       -0.0567599330       -0.2397141385       -0.0305368926       -0.3647434530       -0.0112002433       -0.2338702100       -0.0068295635       -0.3663284911       -0.0115456482       -0.2276212646       -0.0065519337       -0.0006126623       -0.0007993413       -0.0003672232       -0.0011300374       -0.0004228727       -0.0007301311       -0.0004508505       -0.0007831454
   3  -1.838  -1.919  -1.460       -0.1577694579       -0.0084253336       -0.1536237263       -0.0076288899       -0.1700543083       -0.0056815700       -0.1618903225       -0.0056375477       -0.3025143988       -0.0089175886       -0.1881469523       -0.0049319078       -0.3164100538       -0.0094906458       -0.2038155096       -0.0052522465       -0.0012821323       -0.0008112077       -0.0002368943       -0.0002348066       -0.0007204403       -0.0004218471       -0.0007088406       -0.0005093374
  40   1.152  -0.424  -0.712       -0.2474558004       -0.0392345961       -0.2741496567       -0.0786541078       -0.2380118187       -0.0300480392       -0.2015855900       -0.0143303806       -0.3671510650       -0.0111468482       -0.2369763599       -0.0068786263       -0.3705964376       -0.0116071392       -0.2339249754       -0.0067289527       -0.0004349424       -0.0007126193       -0.0002817334       -0.0011203332       -0.0003707911       -0.0008496044       -0.0003981415       -0.0009090997
  41   1.232  -0.384  -0.692       -0.2303779014       -0.0284382548       -0.2771379637       -0.0430656940       -0.1917334784       -0.0126452783       -0.1762423317       -0.0085025624       -0.3676693255       -0.0110183771       -0.2353876497       -0.0067355801       -0.3745642900       -0.0116291608       -0.2398054574       -0.0068679413       -0.0002876042       -0.0006234757       -0.0002894839       -0.0009742759       -0.0003555161       -0.0010180826       -0.0003803963       -0.0011213837
  42   1.313  -0.343  -0.672       -0.2139987529       -0.0208450738       -0.2322890928       -0.0182634346       -0.1683682196       -0.0076548061       -0.1692529265       -0.0063808405       -0.3631937501       -0.0107441971       -0.2277653000       -0.0063614094       -0.3773532467       -0.0116066402       -0.2421174487       -0.0068549700       -0.0002308979       -0.0005791786       -0.0003074949       -0.0007537452       -0.0003880591       -0.0011532763       -0.0004093025       -0.0014137752
  43   1.394  -0.303  -0.652       -0.1999523533       -0.0138095511       -0.2020164457       -0.0114388023       -0.1662233374       -0.0064970827       -0.1758833469       -0.0057833303       -0.3514685597       -0.0102753810       -0.2215762762       -0.0060524698       -0.3770212637       -0.0114921925       -0.2390482330       -0.0066429107       -0.0003047350       -0.0005627039       -0.0003310666       -0.0005721307       -0.0004835258       -0.0011735745       -0.0005097038       -0.0016841939
  44   1.475  -0.263  -0.631       -0.1919617614       -0.0107878120       -0.1849901898       -0.0086063043       -0.1738807596       -0.0066092053       -0.1853579313       -0.0057330360       -0.3403137282       -0.0098743230       -0.2239774381       -0.0060837247       -0.3718960268       -0.0112500428       -0.2341918593       -0.0063963371       -0.0004957298       -0.0005434555       -0.0003996347       -0.0004671464       -0.0006325618       -0.0011135359       -0.0006943690       -0.0018074879
  45   1.556  -0.222  -0.611       -0.1893810549       -0.0090698921       -0.1790456048       -0.0075994682       -0.1808698170       -0.0069857777       -0.1890768763       -0.0057376564       -0.3395995682       -0.0098554964       -0.2319842647       -0.0063491486       -0.3670875907       -0.0110810198       -0.2324528446       -0.0063112813       -0.0007489269       -0.0005348611       -0.0005109910       -0.0004193753       -0.0008041522       -0.0010502983       -0.0009075510       -0.0017788429
  46   1.636  -0.182  -0.591       -0.1910095823       -0.0091381476       -0.1841919916       -0.0080969658       -0.1818246834       -0.0071046498       -0.1876942901       -0.0057367315       -0.3492288803       -0.0102188652       -0.2332918046       -0.0064001657       -0.3754576299       -0.0114535170       -0.2357551494       -0.0064563705       -0.0010129507       -0.0006018190       -0.0005840205       -0.0004033190       -0.0009538172       -0.0010532890       -0.0010481827       -0.0016888651
  47   1.717  -0.141  -0.571       -0.1965339407       -0.0106020032       -0.2037354786       -0.0105297767       -0.1738860990       -0.0065366769       -0.1818942025       -0.0057326524       -0.3669192605       -0.0108878432       -0.2274226149       -0.0062004559       -0.3955044163       -0.0123121580       -0.2432577459       -0.0067916613       -0.0012556852       -0.0008092172       -0.0005185595       -0.0004067222       -0.0010467061       -0.0011180067       -0.0010899104       -0.0016119265
  48   1.798  -0.101  -0.551       -0.2056962941       -0.0129612393       -0.2342688748       -0.0148449926       -0.1620604407       -0.0056122286       -0.1732414597       -0.0057739673       -0.3882331681       -0.0116962162       -0.2266478381       -0.0061898880       -0.4112826472       -0.0130446286       -0.2524256655       -0.0072065003       -0.0014518326       -0.0010658731       -0.0003792357       -0.0004282111       -0.0010826079       -0.0011858487       -0.0010865461       -0.0015648219
  49   1.879  -0.061  -0.530       -0.2180157972       -0.0164481254       -0.2634552786       -0.0198806210       -0.1562818711       -0.0052698041       -0.1681477660       -0.0060100195       -0.4042235213       -0.0123227287       -0.2311900116       -0.0063777666       -0.4193029334       -0.0134732908       -0.2603918865       -0.0075683313       -0.0015846962       -0.0012187963       -0.0003078400       -0.0004640486       -0.0010853662       -0.0012300083       -0.0010850544       -0.0015413184
   4  -1.758  -1.879  -1.439       -0.1528411084       -0.0073145535       -0.1478610954       -0.0066379194       -0.1715539715       -0.0058825483       -0.1693942137       -0.0057429653       -0.2882048052       -0.0084782492       -0.1835058606       -0.0048028352       -0.3055573302       -0.0090278492       -0.1915302635       -0.0048399517       -0.0011613760       -0.0006675007       -0.0003128454       -0.0002251333       -0.0007283411       -0.0004343741       -0.0007332540       -0.0005566753
  50   1.960  -0.020  -0.510       -0.2269624731       -0.0203329421       -0.2832461201       -0.0238889369       -0.1554576462       -0.0053294062       -0.1678326292       -0.0063121274       -0.4117585330       -0.0126397348       -0.2354725544       -0.0065447134       -0.4230938664       -0.0136975902       -0.2653893718       -0.0077876795       -0.0016528719       -0.0012833667       -0.0002853809       -0.0004895238       -0.0010913414       -0.0012616941       -0.0011009283       -0.0015421014
  51   2.040   0.020  -0.490       -0.2284337571       -0.0204022292       -0.2856107344       -0.0241164641       -0.1568229717       -0.0054004311       -0.1687625301       -0.0063709017       -0.4133027374       -0.0127083584       -0.2367022520       -0.0065692674       -0.4247667036       -0.0137782093       -0.2670546036       -0.0078363801       -0.0016615624       -0.0012905894       -0.0002804953       -0.0004839453       -0.0011227064       -0.0012937171       -0.0011374285       -0.0015716749
  52   2.121   0.061  -0.470       -0.2222389665       -0.0165435109       -0.2701988886       -0.0205246513       -0.1602975525       -0.0054737640       -0.1708469411       -0.0061744031       -0.4090840455       -0.0125375627       -0.2349009017       -0.0064528544       -0.4246015477       -0.0137288292       -0.2654930249       -0.0077218695       -0.0016104201       -0.0012390739       -0.0002972220       -0.0004498551       -0.0011781358       -0.0013274143       -0.0011912426       -0.0016287546
  53   2.202   0.101  -0.449       -0.2118313619       -0.0128770310       -0.2442106820       -0.0157508430       -0.1686930001       -0.0059362764       -0.1776994899       -0.0060211985       -0.3970260489       -0.0120708662       -0.2330165937       -0.0063202029       -0.4211445137       -0.0135097444       -0.2613831855       -0.0074835428       -0.0014932368       -0.0010930040       -0.0003754412       -0.0004131989       -0.0012322192       -0.0013547826       -0.0012513243       -0.0017106564
  54   2.283   0.141  -0.429       -0.2040231554       -0.0108682703       -0.2157922733       -0.0115571822       -0.1834214507       -0.0070303180       -0.1884971200       -0.0060709311       -0.3799664382       -0.0114195144       -0.2367952151       -0.0064061374       -0.4108849389       -0.0130186135       -0.2565676100       -0.0072154669       -0.0013098324       -0.0008310078       -0.0005398135       -0.0003996850       -0.0012466899       -0.0013713856       -0.0012950235       -0.0018305693
  55   2.364   0.182  -0.409       -0.2007895797       -0.0100008635       -0.1982401596       -0.0092071342       -0.1944985025       -0.0078272640       -0.1969845610       -0.0061918028       -0.3668694766       -0.0109062271       -0.2466355917       -0.0067340563       -0.3968763224       -0.0124033925       -0.2541439169       -0.0070567447       -0.0010750968       -0.0006179812       -0.0006330466       -0.0004069763       -0.0011963817       -0.0013957109       -0.0012848520       -0.0020190666
  56   2.444   0.222  -0.389       -0.2028496006       -0.0106280618       -0.1964807866       -0.0089826089       -0.1967629552       -0.0079480565       -0.2014220047       -0.0063432212       -0.3623655161       -0.0107150046       -0.2503360893       -0.0068522382       -0.3948013739       -0.0122766733       -0.2568977769       -0.0071291801       -0.0008127732       -0.0005629397       -0.0005701482       -0.0004328142       -0.0010736348       -0.0014646327       -0.0011857922       -0.0022729777
  57   2.525   0.263  -0.369       -0.2115631129       -0.0139496479       -0.2090210893       -0.0107558743       -0.1932227479       -0.0078505234       -0.2011673087       -0.0065652892       -0.3689063101       -0.0109290308       -0.2480802466       -0.0067729312       -0.4061282905       -0.0126986596       -0.2657885559       -0.0074828096       -0.0005540262       -0.0006086505       -0.0004455366       -0.0004897545       -0.0009072293       -0.0015931397       -0.0010055239       -0.0024878470
  58   2.606   0.303  -0.348       -0.2290747921       -0.0209653858       -0.2387567812       -0.0155760299       -0.1898777468       -0.0082159921       -0.1963044582       -0.0070563878       -0.3864349479       -0.0115233501       -0.2523694621       -0.0069676700       -0.4173464606       -0.0131532215       -0.2782926054       -0.0080293307       -0.0003510255       -0.0006807750       -0.0003525480       -0.0006176655       -0.0007413637       -0.0017371166       -0.0008127758       -0.0024928554
  59   2.687   0.343  -0.328       -0.2496457287       -0.0367382043       -0.2919873269       -0.0283169065       -0.2004302570       -0.0107149350       -0.1978244863       -0.0086724167       -0.4041139607       -0.0121271349       -0.2659459745       -0.0075480784       -0.4230602527       -0.0134146481       -0.2878058330       -0.0084961872       -0.0002626217       -0.0007376169       -0.0003196145       -0.0008816744       -0.0006041951       -0.0017911246       -0.0006674167       -0.0022237226
   5  -1.677  -1.838  -1.419       -0.1496662447       -0.0063396954       -0.1472464648       -0.0059619133       -0.1690956701       -0.0060339079       -0.1754444323       -0.0058229276       -0.2753731737       -0.0080843726       -0.1853354412       -0.0048965261       -0.2905021539       -0.0084249051       -0.1814894513       -0.0045066960       -0.0010068408       -0.0004895034       -0.0004035533       -0.0002252550       -0.0007047193       -0.0004469441       -0.0007457702       -0.0006456356
  60   2.768   0.384  -0.308       -0.2713047601       -0.0413183941       -0.3737115129       -0.0817119875       -0.2423333028       -0.0209465150       -0.2201981405       -0.0133417344       -0.4137066426       -0.0124684997       -0.2800303310       -0.0081683094       -0.4252601490       -0.0135351476       -0.2893761160       -0.0086451448       -0.0003073575       -0.0007991913       -0.0003115543       -0.0012654887       -0.0005138672       -0.0016475379       -0.0005792919       -0.0018302417
  61   2.848   0.424  -0.288       -0.3066182397       -0.0481805539       -0.3478027302       -0.1589967495       -0.3159459507       -0.0553611667       -0.2724633888       -0.0264050163       -0.4182512436       -0.0126403548       -0.2856922639       -0.0084489677       -0.4264675007       -0.0135964864       -0.2855558966       -0.0085474293       -0.0004477744       -0.0009017181       -0.0003100614       -0.0015811491       -0.0004688914       -0.0013946375       -0.0005374074       -0.0014954962
  62   2.929   0.465  -0.268       -0.3330385549       -0.0669030201       -0.3190622054       -0.1304086617       -0.3686221304       -0.1011633154       -0.3470160961       -0.0650447157       -0.4213930154       -0.0127487276       -0.2849689354       -0.0084512218       -0.4278013153       -0.0136267437       -0.2806603566       -0.0083733484       -0.0006246330       -0.0010175510       -0.0003877999       -0.0016766574       -0.0004623294       -0.0011843663       -0.0005344758       -0.0012704627
  63   3.010   0.505  -0.247       -0.3452002562       -0.0858997241       -0.3041808160       -0.0895196932       -0.3677979325       -0.0981881327       -0.3901907945       -0.1137271734       -0.4258288192       -0.0128708783       -0.2815661403       -0.0083246002       -0.4304859120       -0.0136555143       -0.2759083157       -0.0081854504       -0.0008336369       -0.0010559484       -0.0006276943       -0.0015378191       -0.0004976966       -0.0010500508       -0.0005742975       -0.0011314919
  64   3.091   0.545  -0.227       -0.3308282379       -0.0765905329       -0.2815645935       -0.0679278580       -0.3840573971       -0.0885767585       -0.3348843179       -0.0673400124       -0.2884967757       -0.0085274736       -0.4198693731       -0.0125933095       -0.2789745199       -0.0082506889       -0.4264513992       -0.0133953226       -0.0013023706       -0.0007716301       -0.0013147241       -0.0008671206       -0.0009637435       -0.0006009648       -0.0010392426       -0.0006823839
  65   3.172   0.586  -0.207       -0.2898246201       -0.0460394673       -0.2828820049       -0.0798449668       -0.3266419318       -0.0433983559       -0.2929957871       -0.0323273314       -0.2868621419       -0.0084220653       -0.4194033634       -0.0124500726       -0.2772338111       -0.0081459959       -0.4258927418       -0.0131713737       -0.0012456486       -0.0009055309       -0.0009629199       -0.0010843025       -0.0009120260       -0.0007888196       -0.0009802949       -0.0008774276
  66   3.253   0.626  -0.187       -0.2591075751       -0.0323775627       -0.2726393613       -0.0309291549       -0.2680479815       -0.0231243726       -0.2529973065       -0.0155473439       -0.2883302826       -0.0084112510       -0.4073622199       -0.0118853356       -0.2779559189       -0.0081168670       -0.4173433717       -0.0125999068       -0.0011175718       -0.0009051661       -0.0006631644       -0.0010744115       -0.0008642367       -0.0010477013       -0.0009284584       -0.0011744271
  67   3.333   0.667  -0.167       -0.2341335395       -0.0201935037       -0.2340487634       -0.0160359742       -0.2350385378       -0.0137349078       -0.2358669248       -0.0114105050       -0.2893684455       -0.0083836179       -0.3868713700       -0.0110425745       -0.2792960040       -0.0080994353       -0.3993971515       -0.0116863041       -0.0009058454       -0.0007811468       -0.0004697416       -0.0008813150       -0.0008108464       -0.0012126587       -0.0008787729       -0.0014464831
  68   3.414   0.707  -0.146       -0.2116163496       -0.0137903491       -0.2185540435       -0.0108647279       -0.2212743414       -0.0106275802       -0.2284795555       -0.0099504765       -0.2882057951       -0.0082927316       -0.3660040865       -0.0102128549       -0.2802853686       -0.0080654300       -0.3774540813       -0.0107118412       -0.0007190326       -0.0005927099       -0.0003827297       -0.0006549669       -0.0007708697       -0.0011552715       -0.0008485096       -0.0014360251
  69   3.495   0.747  -0.126       -0.1969624575       -0.0110883092       -0.2187078436       -0.0092539771       -0.2125179124       -0.0094260919       -0.2266011841       -0.0095177716       -0.2852294088       -0.0081577647       -0.3494457654       -0.0095763023       -0.2800557041       -0.0079994725       -0.3605675494       -0.0100273376       -0.0006885025       -0.0004086790       -0.0004166626       -0.0004537312       -0.0008005948       -0.0009538549       -0.0008791155       -0.0011115810
   6  -1.596  -1.798  -1.399       -0.1480314807       -0.0061186821       -0.1469734646       -0.0057158415       -0.1655971778       -0.0060077851       -0.1767932579       -0.0058174172       -0.2681629957       -0.0078643616       -0.1880876514       -0.0050066748       -0.2808028572       -0.0080618925       -0.1768430736       -0.0043599353       -0.0008343295       -0.0003890784       -0.0004026391       -0.0002318101       -0.0006408036       -0.0004875169       -0.0007122547       -0.0007912243
  70   3.576   0.788  -0.106       -0.1889816999       -0.0097561441       -0.2232889853       -0.0090166092       -0.2065316658       -0.0089844739       -0.2274843916       -0.0096107280       -0.2823835824       -0.0080433485       -0.3406180445       -0.0092691394       -0.2784750024       -0.0079153695       -0.3525809337       -0.0097375504       -0.0008720597       -0.0002846593       -0.0005817004       -0.0003092551       -0.0009507458       -0.0007786719       -0.0010059029       -0.0007856225
  71   3.657   0.828  -0.086       -0.1852335696       -0.0091765579       -0.2256438481       -0.0092567735       -0.2051240274       -0.0091449777       -0.2294923530       -0.0100434779       -0.2805058705       -0.0079790920       -0.3403480472       -0.0093224519       -0.2759754881       -0.0078332754       -0.3521565432       -0.0097604369       -0.0012270933       -0.0002472830       -0.0008740665       -0.0002605882       -0.0012112227       -0.0007764160       -0.0012161119       -0.0007165384
  72   3.737   0.869  -0.066       -0.1836905869       -0.0090954493       -0.2260837198       -0.0098480420       -0.2081471627       -0.0098654368       -0.2335327078       -0.0108059035       -0.2787109137       -0.0079361279       -0.3457302329       -0.0096328804       -0.2725478038       -0.0077425727       -0.3560562410       -0.0099617286       -0.0016424976       -0.0002926704       -0.0012647277       -0.0003192581       -0.0015040004       -0.0009513949       -0.0014488386       -0.0008882864
  73   3.818   0.909  -0.045       -0.1830127990       -0.0088474045       -0.2266351723       -0.0110154252       -0.2145508389       -0.0110586719       -0.2400435133       -0.0118501494       -0.2755606409       -0.0078628153       -0.3521579959       -0.0100201565       -0.2679653115       -0.0076213384       -0.3608153196       -0.0102046183       -0.0019948352       -0.0003813570       -0.0016949260       -0.0004501688       -0.0017375570       -0.0011846547       -0.0016399456       -0.0011376524
  74   3.899   0.949  -0.025       -0.1822348524       -0.0083873662       -0.2272460791       -0.0130444308       -0.2223380405       -0.0123822912       -0.2465954600       -0.0128961612       -0.2705804400       -0.0077352326       -0.3559610668       -0.0103122605       -0.2624126871       -0.0074658270       -0.3636324086       -0.0103717541       -0.0022072941       -0.0004500122       -0.0020685335       -0.0005834859       -0.0018699937       -0.0013592081       -0.0017558476       -0.0013240447
  75   3.980   0.990  -0.005       -0.1802395753       -0.0079403326       -0.2260780956       -0.0146423146       -0.2272697372       -0.0130800326       -0.2498243725       -0.0134592416       -0.2643012117       -0.0075614616       -0.3552586008       -0.0103952950       -0.2562472178       -0.0072825435       -0.3627807897       -0.0103801199       -0.0022720841       -0.0004655737       -0.0022510573       -0.0006481701       -0.0019100644       -0.0014197488       -0.0017931182       -0.0013886429
  76   4.061   1.030   0.015       -0.1762971658       -0.0076727520       -0.2237037315       -0.0139403301       -0.2253053323       -0.0125998468       -0.2485815129       -0.0132171708       -0.2574251075       -0.0073633117       -0.3495199849       -0.0102274747       -0.2496955271       -0.0070785030       -0.3577100273       -0.0101989350       -0.0022082277       -0.0004409645       -0.0021466635       -0.0006073910       -0.0018749676       -0.0013575935       -0.0017583407       -0.0013261153
  77   4.141   1.071   0.035       -0.1709134816       -0.0075991752       -0.2205451192       -0.0117334775       -0.2175158027       -0.0112796965       -0.2440372543       -0.0123310220       -0.2503644660       -0.0071609383       -0.3390116506       -0.0098278268       -0.2427524821       -0.0068547013       -0.3486474824       -0.0098436057       -0.0020149614       -0.0003779930       -0.0018067982       -0.0004787260       -0.0017633902       -0.0011891093       -0.0016529534       -0.0011519827
  78   4.222   1.111   0.056       -0.1655552338       -0.0076045502       -0.2172042243       -0.0100331670       -0.2089542028       -0.0099216180       -0.2385018774       -0.0112568978       -0.2435458779       -0.0069777448       -0.3251389304       -0.0092815389       -0.2355132236       -0.0066169278       -0.3367402312       -0.0093767391       -0.0016889873       -0.0002872295       -0.0013736415       -0.0003246917       -0.0015635189       -0.0009625068       -0.0014775598       -0.0009117446
  79   4.303   1.152   0.076       -0.1615424024       -0.0075842116       -0.2141833242       -0.0090778909       -0.2033068489       -0.0089912627       -0.2339003089       -0.0103487786       -0.2375266683       -0.0068336780       -0.3110388609       -0.0087417683       -0.2284967073       -0.0063872944       -0.3243316937       -0.0089038839       -0.0012741441       -0.0002152859       -0.0009604867       -0.0002185079       -0.0012875919       -0.0007765780       -0.0012488893       -0.0007103337
   7  -1.515  -1.758  -1.379       -0.1480601762       -0.0065153120       -0.1436618731       -0.0058035796       -0.1628961819       -0.0059011307       -0.1731557333       -0.0057350009       -0.2680591143       -0.0078754699       -0.1853200377       -0.0049182751       -0.2857256056       -0.0082726394       -0.1795543068       -0.0044666869       -0.0006589495       -0.0003574933       -0.0003365460       -0.0002485393       -0.0005473347       -0.0005832131       -0.0006175661       -0.0009650149
  80   4.384   1.192   0.096       -0.1596787455       -0.0076854346       -0.2103315596       -0.0085583257       -0.2014712719       -0.0085640941       -0.2306361058       -0.0097420358       -0.2325314057       -0.0067260333       -0.3012592938       -0.0083935797       -0.2226341119       -0.0062052553       -0.3148200034       -0.0085565590       -0.0008642269       -0.0002025578       -0.0006289038       -0.0002067271       -0.0009950732       -0.0007543593       -0.0010090310       -0.0006941616
  81   4.465   1.232   0.116       -0.1608330110       -0.0081884533       -0.2046331179       -0.0083935631       -0.2029189906       -0.0085944434       -0.2279428017       -0.0094512694       -0.2282884356       -0.0066314677       -0.2995783407       -0.0083732300       -0.2188423734       -0.0061116413       -0.3118638025       -0.0084691300       -0.0005567304       -0.0002613636       -0.0004055721       -0.0002946796       -0.0007619521       -0.0009371766       -0.0008112830       -0.0009394795
  82   4.545   1.273   0.136       -0.1664205844       -0.0093599567       -0.1993203385       -0.0088894147       -0.2061485377       -0.0090540181       -0.2246610398       -0.0094850968       -0.2249084376       -0.0065417634       -0.3067994596       -0.0087059526       -0.2175147472       -0.0061227546       -0.3181811158       -0.0087537930       -0.0004075114       -0.0003833132       -0.0002894413       -0.0004608362       -0.0006269495       -0.0012064257       -0.0006879946       -0.0013064484
  83   4.626   1.313   0.157       -0.1779873419       -0.0122395244       -0.2015999200       -0.0112431531       -0.2100438535       -0.0101955463       -0.2190428322       -0.0099100657       -0.2232385567       -0.0064916246       -0.3213341777       -0.0093210323       -0.2180642837       -0.0062107664       -0.3333648065       -0.0094308848       -0.0004074863       -0.0005375986       -0.0002639648       -0.0006805589       -0.0005753921       -0.0013666030       -0.0006344459       -0.0014797640
  84   4.707   1.354   0.177       -0.1951381742       -0.0199632891       -0.2177043308       -0.0166047940       -0.2215890768       -0.0137572681       -0.2106201779       -0.0111033239       -0.2231913225       -0.0065072916       -0.3414036420       -0.0101314853       -0.2192387557       -0.0063231101       -0.3513864934       -0.0103072033       -0.0004895267       -0.0006759504       -0.0003018730       -0.0009215759       -0.0005664047       -0.0012832337       -0.0006221578       -0.0013162464
  85   4.788   1.394   0.197       -0.2136544125       -0.0296898227       -0.2486798878       -0.0426447681       -0.2489341015       -0.0222365765       -0.2089051547       -0.0152788416       -0.2233923550       -0.0065533451       -0.3608789575       -0.0109385175       -0.2201212742       -0.0064216985       -0.3644456948       -0.0110553682       -0.0005709825       -0.0007509990       -0.0003800717       -0.0010686969       -0.0005691564       -0.0010004195       -0.0006240490       -0.0010020584
  86   4.869   1.434   0.217       -0.2361886936       -0.0470118213       -0.2450406724       -0.0533199681       -0.2882341639       -0.0406781166       -0.2200365036       -0.0308515669       -0.2221963792       -0.0065608180       -0.3729887607       -0.0114970253       -0.2199427939       -0.0064751376       -0.3714371701       -0.0115474612       -0.0006027428       -0.0007491506       -0.0004950006       -0.0009874868       -0.0005739360       -0.0007168251       -0.0006288578       -0.0007365567
  87   4.949   1.475   0.237       -0.2633953827       -0.0826099914       -0.2541522690       -0.0395078443       -0.2988371321       -0.0559628487       -0.2424112432       -0.0585771076       -0.2564371235       -0.0076689681       -0.3424872961       -0.0106545560       -0.1939596085       -0.0056932706       -0.4002789324       -0.0126355188       -0.0005799115       -0.0007132119       -0.0007178538       -0.0006237847       -0.0005661991       -0.0005446250       -0.0006275573       -0.0005725310
  88   5.030   1.515   0.258       -0.2650831232       -0.0688788217       -0.2635994996       -0.0751735672       -0.2491793129       -0.0559755881       -0.2791092718       -0.0593453932       -0.3680969307       -0.0114558454       -0.2317850141       -0.0069569640       -0.3680302025       -0.0116752646       -0.2279488751       -0.0068195284       -0.0005686624       -0.0006200799       -0.0004619759       -0.0006706840       -0.0004213678       -0.0005987469       -0.0004592311       -0.0006546099
  89   5.111   1.556   0.278       -0.2524849606       -0.0492358518       -0.2666598448       -0.0911523823       -0.2205800895       -0.0446713068       -0.2344606681       -0.0251028835       -0.3690427009       -0.0114606146       -0.2298465439       -0.0068952410       -0.3691795722       -0.0117200004       -0.2279093851       -0.0068253015       -0.0004884321       -0.0005408545       -0.0002715582       -0.0006880384       -0.0003595797       -0.0006389025       -0.0003980585       -0.0006958899
   8  -1.434  -1.717  -1.359       -0.1513168679       -0.0078943897       -0.1420804779       -0.0064437271       -0.1572734985       -0.0057243621       -0.1628377635       -0.0055536597       -0.2768887147       -0.0081700427       -0.1845619141       -0.0049096419       -0.2977880065       -0.0087884907       -0.1900610319       -0.0048515433       -0.0004992315       -0.0003471218       -0.0002764702       -0.0002914096       -0.0004498847       -0.0007187828       -0.0004945979       -0.0010839293
  90   5.192   1.596   0.298       -0.2289673481       -0.0337227903       -0.2744140587       -0.0720464632       -0.1800404171       -0.0213074907       -0.1885755215       -0.0116420160       -0.3676930917       -0.0113546485       -0.2261639122       -0.0067271739       -0.3692878392       -0.0116760491       -0.2276115230       -0.0067885442       -0.0003967977       -0.0004375826       -0.0002177878       -0.0006242350       -0.0003318573       -0.0007011744       -0.0003699014       -0.0007716877
  91   5.273   1.636   0.318       -0.2039816412       -0.0263149239       -0.2307070583       -0.0262068154       -0.1518580126       -0.0089412282       -0.1596996546       -0.0070232035       -0.3626459144       -0.0111111724       -0.2169421929       -0.0063011019       -0.3684779716       -0.0115615414       -0.2239157785       -0.0065886270       -0.0003314276       -0.0003678392       -0.0002289987       -0.0004965186       -0.0003371226       -0.0007515091       -0.0003744690       -0.0008831639
  92   5.354   1.677   0.338       -0.1868987659       -0.0181187929       -0.1880535815       -0.0132196275       -0.1457990016       -0.0062635517       -0.1485551382       -0.0053721223       -0.3493976146       -0.0106003294       -0.2039255848       -0.0057134955       -0.3653166232       -0.0113386223       -0.2146707639       -0.0061548283       -0.0003359199       -0.0003466324       -0.0002529123       -0.0003742101       -0.0003841551       -0.0007251279       -0.0004213199       -0.0009844538
  93   5.434   1.717   0.359       -0.1709633158       -0.0113078306       -0.1651608839       -0.0087022442       -0.1497729246       -0.0057993685       -0.1517620561       -0.0050100323       -0.3284203928       -0.0098551385       -0.1935871343       -0.0052669762       -0.3575254042       -0.0109466949       -0.2024597477       -0.0056171712       -0.0004251155       -0.0003465530       -0.0002908976       -0.0003005277       -0.0004732060       -0.0006250249       -0.0005179523       -0.0009904978
  94   5.515   1.758   0.379       -0.1617553180       -0.0083705589       -0.1561847392       -0.0069842355       -0.1532699290       -0.0058397424       -0.1566413454       -0.0050175938       -0.3117992962       -0.0092799331       -0.1897223194       -0.0051095218       -0.3450471452       -0.0104209118       -0.1926198452       -0.0052009559       -0.0005741343       -0.0003496724       -0.0003537618       -0.0002668018       -0.0005829504       -0.0005125539       -0.0006394398       -0.0008769079
  95   5.596   1.798   0.399       -0.1565571434       -0.0072915649       -0.1541984308       -0.0065546707       -0.1532874519       -0.0058542724       -0.1560052424       -0.0049857834       -0.3064289429       -0.0091064566       -0.1870860804       -0.0050235741       -0.3364251673       -0.0101026285       -0.1880484111       -0.0050142396       -0.0007447138       -0.0003759744       -0.0004128446       -0.0002520493       -0.0006810012       -0.0004381821       -0.0007301330       -0.0007151486
  96   5.677   1.838   0.419       -0.1537637665       -0.0072570303       -0.1566987562       -0.0070831634       -0.1493804055       -0.0056027860       -0.1503399057       -0.0048732841       -0.3104617237       -0.0092725373       -0.1797919038       -0.0047756109       -0.3383806146       -0.0102415499       -0.1886947317       -0.0050457936       -0.0009104559       -0.0004713526       -0.0004019327       -0.0002427618       -0.0007378349       -0.0004042270       -0.0007685274       -0.0005897610
  97   5.758   1.879   0.439       -0.1527698249       -0.0079771901       -0.1648884487       -0.0085938243       -0.1411309118       -0.0049830521       -0.1413076363       -0.0047231404       -0.3196721564       -0.0096190290       -0.1756043621       -0.0046404195       -0.3412159275       -0.0104666472       -0.1928264843       -0.0052233059       -0.0010531855       -0.0006382786       -0.0003021599       -0.0002333530       -0.0007505646       -0.0003950424       -0.0007624148       -0.0005265712
  98   5.838   1.919   0.460       -0.1534048058       -0.0091397179       -0.1748462714       -0.0105333610       -0.1330551706       -0.0044937508       -0.1339634249       -0.0046735552       -0.3265245755       -0.0098830928       -0.1777261766       -0.0047468333       -0.3385995152       -0.0104969492       -0.1978519771       -0.0054409966       -0.0011582034       -0.0007619675       -0.0002253973       -0.0002297843       -0.0007345899       -0.0003969510       -0.0007331361       -0.0005041937
  99   5.919   1.960   0.480       -0.1537133028       -0.0107235399       -0.1813779975       -0.0122101177       -0.1283566124       -0.0043255110       -0.1318176215       -0.0047725336       -0.3261421368       -0.0098999892       -0.1808684154       -0.0048946375       -0.3332975215       -0.0103952803       -0.2014506781       -0.0055981586       -0.0012205007       -0.0008122500       -0.0002060755       -0.0002358201       -0.0007100047       -0.0004015424       -0.0007036573       -0.0004977086
   9  -1.354  -1.677  -1.338       -0.1603638821       -0.0118520083       -0.1495737437       -0.0083656344       -0.1474937622       -0.0056252683       -0.1478824296       -0.0053900412       -0.2920576349       -0.0086737662       -0.1930215827       -0.0052470082       -0.3074166425       -0.0092497482       -0.2057942941       -0.0054463210       -0.0003842799       -0.0003408596       -0.0002524340       -0.0003886165       -0.0003678737       -0.0008317021       -0.0004002040       -0.0010741755
