  7.5999999999999988   2.0999999999999996   1.8999999999999999 
  7.4666666666666632   2.0666666666666664   1.8666666666666667 
  7.3333333333333304   2.0333333333333332   1.8333333333333335 
  7.1999999999999993   1.9999999999999998   1.7999999999999998 
  7.0666666666666638   1.9666666666666666   1.7666666666666664 
  6.9333333333333318   1.9333333333333329   1.7333333333333336 
  6.7999999999999998   1.8999999999999999   1.7000000000000002 
  6.6666666666666661   1.8666666666666665   1.6666666666666665 
  6.5333333333333332   1.8333333333333333   1.6333333333333333 
  6.4000000000000004   1.8000000000000000   1.6000000000000001 
  6.2666666666666657   1.7666666666666664   1.5666666666666667 
  6.1333333333333337   1.7333333333333336   1.5333333333333332 
  6.0000000000000000   1.7000000000000000   1.5000000000000000 
  5.8666666666666645   1.6666666666666663   1.4666666666666668 
  5.7333333333333334   1.6333333333333333   1.4333333333333333 
  5.5999999999999988   1.5999999999999996   1.3999999999999999 
  5.4666666666666668   1.5666666666666667   1.3666666666666667 
  5.3333333333333330   1.5333333333333332   1.3333333333333335 
  5.2000000000000002   1.5000000000000000   1.2999999999999998 
  5.0666666666666673   1.4666666666666668   1.2666666666666666 
  4.9333333333333345   1.4333333333333336   1.2333333333333334 
  4.7999999999999998   1.3999999999999999   1.2000000000000002 
  4.6666666666666661   1.3666666666666665   1.1666666666666665 
  4.5333333333333332   1.3333333333333333   1.1333333333333333 
  4.3999999999999986   1.2999999999999994   1.1000000000000001 
  4.2666666666666657   1.2666666666666664   1.0666666666666664 
  4.1333333333333329   1.2333333333333336   1.0333333333333332 
  4.0000000000000009   1.2000000000000002   1.0000000000000000 
  3.8666666666666658   1.1666666666666665   0.9666666666666667 
  3.7333333333333329   1.1333333333333333   0.9333333333333332 
  3.6000000000000001   1.0999999999999996   0.9000000000000000 
  3.4666666666666672   1.0666666666666664   0.8666666666666668 
  3.3333333333333326   1.0333333333333330   0.8333333333333334 
  3.1999999999999993   0.9999999999999999   0.8000000000000000 
  3.0666666666666669   0.9666666666666668   0.7666666666666667 
  2.9333333333333331   0.9333333333333332   0.7333333333333333 
  2.7999999999999994   0.8999999999999999   0.7000000000000000 
  2.6666666666666661   0.8666666666666665   0.6666666666666666 
  2.5333333333333328   0.8333333333333333   0.6333333333333334 
  2.3999999999999999   0.8000000000000000   0.6000000000000000 
  2.2666666666666671   0.7666666666666667   0.5666666666666668 
  2.1333333333333329   0.7333333333333333   0.5333333333333333 
  2.0000000000000000   0.7000000000000000   0.5000000000000001 
  1.8666666666666663   0.6666666666666665   0.4666666666666667 
  1.7333333333333336   0.6333333333333332   0.4333333333333335 
  1.5999999999999992   0.5999999999999998   0.4000000000000000 
  1.4666666666666670   0.5666666666666668   0.3666666666666668 
  1.3333333333333333   0.5333333333333333   0.3333333333333334 
  1.1999999999999991   0.4999999999999998   0.2999999999999999 
  1.0666666666666664   0.4666666666666666   0.2666666666666667 
  0.9333333333333327   0.4333333333333332   0.2333333333333333 
  0.8000000000000002   0.4000000000000000   0.2000000000000001 
  0.6666666666666665   0.3666666666666666   0.1666666666666666 
  0.5333333333333334   0.3333333333333333   0.1333333333333334 
  0.3999999999999996   0.2999999999999999   0.1000000000000000 
  0.2666666666666669   0.2666666666666667   0.0666666666666668 
  0.1333333333333331   0.2333333333333332   0.0333333333333333 
  0.0000000000000004   0.2000000000000001   0.0000000000000001 
 -0.1333333333333333   0.1666666666666666  -0.0333333333333333 
 -0.2666666666666661   0.1333333333333334  -0.0666666666666665 
 -0.3999999999999999   0.1000000000000000  -0.1000000000000000 
 -0.5333333333333337   0.0666666666666665  -0.1333333333333334 
 -0.6666666666666666   0.0333333333333333  -0.1666666666666666 
 -0.8000000000000003  -0.0000000000000001  -0.2000000000000001 
 -0.9333333333333327  -0.0333333333333333  -0.2333333333333333 
 -1.0666666666666664  -0.0666666666666667  -0.2666666666666667 
 -1.1999999999999993  -0.1000000000000000  -0.2999999999999999 
 -1.3333333333333330  -0.1333333333333333  -0.3333333333333334 
 -1.4666666666666666  -0.1666666666666667  -0.3666666666666666 
 -1.6000000000000001  -0.2000000000000000  -0.4000000000000000 
 -1.7333333333333329  -0.2333333333333333  -0.4333333333333332 
 -1.8666666666666665  -0.2666666666666667  -0.4666666666666667 
 -1.9999999999999989  -0.2999999999999999  -0.4999999999999998 
 -2.1333333333333329  -0.3333333333333334  -0.5333333333333333 
 -2.2666666666666662  -0.3666666666666667  -0.5666666666666668 
 -2.3999999999999995  -0.4000000000000000  -0.6000000000000000 
 -2.5333333333333337  -0.4333333333333335  -0.6333333333333334 
 -2.6666666666666652  -0.4666666666666664  -0.6666666666666666 
 -2.7999999999999994  -0.5000000000000000  -0.7000000000000000 
 -2.9333333333333331  -0.5333333333333334  -0.7333333333333333 
 -3.0666666666666669  -0.5666666666666668  -0.7666666666666667 
 -3.2000000000000002  -0.6000000000000000  -0.8000000000000000 
 -3.3333333333333330  -0.6333333333333332  -0.8333333333333334 
 -3.4666666666666659  -0.6666666666666665  -0.8666666666666666 
 -3.5999999999999996  -0.6999999999999998  -0.9000000000000000 
 -3.7333333333333325  -0.7333333333333331  -0.9333333333333332 
 -3.8666666666666658  -0.7666666666666665  -0.9666666666666667 
 -3.9999999999999987  -0.7999999999999997  -0.9999999999999999 
 -4.1333333333333320  -0.8333333333333331  -1.0333333333333332 
 -4.2666666666666657  -0.8666666666666668  -1.0666666666666669 
 -4.4000000000000004  -0.9000000000000000  -1.1000000000000001 
 -4.5333333333333314  -0.9333333333333332  -1.1333333333333333 
 -4.6666666666666652  -0.9666666666666665  -1.1666666666666665 
 -4.7999999999999998  -0.9999999999999999  -1.2000000000000002 
 -4.9333333333333327  -1.0333333333333330  -1.2333333333333334 
 -5.0666666666666655  -1.0666666666666664  -1.2666666666666666 
 -5.2000000000000002  -1.1000000000000001  -1.2999999999999998 
 -5.3333333333333321  -1.1333333333333331  -1.3333333333333335 
 -5.4666666666666650  -1.1666666666666665  -1.3666666666666667 
 -5.5999999999999988  -1.2000000000000002  -1.3999999999999999 
 -5.7333333333333307  -1.2333333333333327  -1.4333333333333336 
 -5.8666666666666663  -1.2666666666666664  -1.4666666666666668 
 -5.9999999999999964  -1.2999999999999992  -1.5000000000000000 
 -6.1333333333333337  -1.3333333333333335  -1.5333333333333332 
 -6.2666666666666657  -1.3666666666666665  -1.5666666666666667 
 -6.4000000000000004  -1.3999999999999999  -1.6000000000000001 
 -6.5333333333333314  -1.4333333333333329  -1.6333333333333333 
 -6.6666666666666652  -1.4666666666666661  -1.6666666666666665 
 -6.7999999999999989  -1.4999999999999998  -1.7000000000000002 
 -6.9333333333333309  -1.5333333333333328  -1.7333333333333336 
 -7.0666666666666682  -1.5666666666666671  -1.7666666666666664 
 -7.1999999999999975  -1.6000000000000001  -1.7999999999999998 
 -7.3333333333333339  -1.6333333333333335  -1.8333333333333335 
 -7.4666666666666632  -1.6666666666666665  -1.8666666666666667 
 -7.5999999999999996  -1.7000000000000000  -1.8999999999999999 
 -7.7333333333333316  -1.7333333333333329  -1.9333333333333333 
 -7.8666666666666663  -1.7666666666666664  -1.9666666666666668 
 -7.9999999999999964  -1.7999999999999992  -2.0000000000000000 
 -8.1333333333333311  -1.8333333333333333  -2.0333333333333332 
 -8.2666666666666639  -1.8666666666666663  -2.0666666666666664 
