-2.696099999999999941e+00
1.065168205927079947e+00
3.169799999999999840e-01
2.268281910530632661e+00
2.051899999999999835e+00
2.300307032506457627e+00
2.589199999999999946e+01
-2.696099999999999941e+00
2.051899999999999835e+00
-2.872599999999999820e+00
0.000000000000000000e+00
3.340000000000000191e-01
0.000000000000000000e+00
1.700000000000000122e-01
0.000000000000000000e+00
7.199999999999999734e-01
1.986111111111110994e-01
0.000000000000000000e+00
0.000000000000000000e+00
4.000000000000000000e+00
