-2.770000000000000018e+00
8.883999999999999675e-01
2.720000000000000195e-01
2.643400000000000194e+00
1.955000000000000071e+00
2.415599999999999969e+00
2.572899999999999920e+01
-2.020000000000000018e+00
0.000000000000000000e+00
-3.016999999999999904e+00
0.000000000000000000e+00
3.340000000000000191e-01
0.000000000000000000e+00
1.700000000000000122e-01
0.000000000000000000e+00
7.199999999999999734e-01
1.985999999999999988e-01
0.000000000000000000e+00
0.000000000000000000e+00
4.740000000000000213e+00
