  6.7999999999999980   2.2999999999999994   1.7000000000000000 
  6.6666666666666661   2.2666666666666671   1.6666666666666665 
  6.5333333333333314   2.2333333333333329   1.6333333333333333 
  6.3999999999999986   2.2000000000000002   1.6000000000000001 
  6.2666666666666648   2.1666666666666661   1.5666666666666667 
  6.1333333333333329   2.1333333333333337   1.5333333333333332 
  5.9999999999999991   2.0999999999999996   1.5000000000000000 
  5.8666666666666663   2.0666666666666664   1.4666666666666666 
  5.7333333333333307   2.0333333333333328   1.4333333333333333 
  5.5999999999999988   1.9999999999999998   1.3999999999999999 
  5.4666666666666659   1.9666666666666666   1.3666666666666667 
  5.3333333333333321   1.9333333333333329   1.3333333333333333 
  5.2000000000000002   1.8999999999999999   1.3000000000000000 
  5.0666666666666638   1.8666666666666658   1.2666666666666666 
  4.9333333333333327   1.8333333333333333   1.2333333333333332 
  4.7999999999999989   1.7999999999999998   1.2000000000000000 
  4.6666666666666670   1.7666666666666668   1.1666666666666667 
  4.5333333333333341   1.7333333333333336   1.1333333333333333 
  4.4000000000000004   1.7000000000000000   1.0999999999999999 
  4.2666666666666648   1.6666666666666663   1.0666666666666667 
  4.1333333333333329   1.6333333333333333   1.0333333333333334 
  3.9999999999999987   1.5999999999999996   1.0000000000000000 
  3.8666666666666658   1.5666666666666664   0.9666666666666667 
  3.7333333333333329   1.5333333333333332   0.9333333333333333 
  3.5999999999999996   1.5000000000000000   0.8999999999999999 
  3.4666666666666655   1.4666666666666666   0.8666666666666665 
  3.3333333333333326   1.4333333333333329   0.8333333333333333 
  3.1999999999999993   1.3999999999999999   0.8000000000000000 
  3.0666666666666660   1.3666666666666665   0.7666666666666666 
  2.9333333333333318   1.3333333333333330   0.7333333333333333 
  2.7999999999999989   1.2999999999999998   0.7000000000000000 
  2.6666666666666670   1.2666666666666668   0.6666666666666667 
  2.5333333333333328   1.2333333333333332   0.6333333333333333 
  2.3999999999999995   1.2000000000000000   0.5999999999999999 
  2.2666666666666671   1.1666666666666667   0.5666666666666667 
  2.1333333333333324   1.1333333333333331   0.5333333333333332 
  2.0000000000000000   1.1000000000000001   0.5000000000000000 
  1.8666666666666658   1.0666666666666664   0.4666666666666666 
  1.7333333333333329   1.0333333333333332   0.4333333333333334 
  1.5999999999999994   0.9999999999999999   0.4000000000000000 
  1.4666666666666670   0.9666666666666668   0.3666666666666668 
  1.3333333333333333   0.9333333333333332   0.3333333333333333 
  1.1999999999999997   0.9000000000000000   0.3000000000000001 
  1.0666666666666664   0.8666666666666668   0.2666666666666667 
  0.9333333333333333   0.8333333333333334   0.2333333333333334 
  0.7999999999999998   0.7999999999999998   0.2000000000000000 
  0.6666666666666673   0.7666666666666667   0.1666666666666668 
  0.5333333333333333   0.7333333333333334   0.1333333333333334 
  0.3999999999999997   0.6999999999999997   0.0999999999999999 
  0.2666666666666668   0.6666666666666665   0.0666666666666667 
  0.1333333333333329   0.6333333333333332   0.0333333333333333 
  0.0000000000000000   0.6000000000000000   0.0000000000000001 
 -0.1333333333333334   0.5666666666666667  -0.0333333333333334 
 -0.2666666666666662   0.5333333333333334  -0.0666666666666666 
 -0.4000000000000004   0.4999999999999998  -0.1000000000000000 
 -0.5333333333333333   0.4666666666666666  -0.1333333333333332 
 -0.6666666666666665   0.4333333333333332  -0.1666666666666667 
 -0.7999999999999995   0.4000000000000000  -0.1999999999999999 
 -0.9333333333333333   0.3666666666666665  -0.2333333333333333 
 -1.0666666666666660   0.3333333333333333  -0.2666666666666666 
 -1.2000000000000002   0.2999999999999998  -0.3000000000000000 
 -1.3333333333333333   0.2666666666666664  -0.3333333333333334 
 -1.4666666666666666   0.2333333333333332  -0.3666666666666666 
 -1.6000000000000001   0.1999999999999999  -0.4000000000000001 
 -1.7333333333333332   0.1666666666666667  -0.4333333333333333 
 -1.8666666666666667   0.1333333333333333  -0.4666666666666668 
 -1.9999999999999993   0.1000000000000000  -0.4999999999999999 
 -2.1333333333333333   0.0666666666666665  -0.5333333333333334 
 -2.2666666666666657   0.0333333333333334  -0.5666666666666667 
 -2.3999999999999999   0.0000000000000000  -0.6000000000000001 
 -2.5333333333333323  -0.0333333333333332  -0.6333333333333333 
 -2.6666666666666665  -0.0666666666666668  -0.6666666666666667 
 -2.7999999999999994  -0.1000000000000000  -0.7000000000000000 
 -2.9333333333333336  -0.1333333333333333  -0.7333333333333334 
 -3.0666666666666669  -0.1666666666666667  -0.7666666666666667 
 -3.2000000000000002  -0.2000000000000000  -0.8000000000000000 
 -3.3333333333333339  -0.2333333333333334  -0.8333333333333335 
 -3.4666666666666659  -0.2666666666666666  -0.8666666666666668 
 -3.6000000000000001  -0.3000000000000000  -0.9000000000000001 
 -3.7333333333333325  -0.3333333333333333  -0.9333333333333333 
 -3.8666666666666667  -0.3666666666666669  -0.9666666666666668 
 -3.9999999999999987  -0.4000000000000000  -1.0000000000000000 
 -4.1333333333333329  -0.4333333333333332  -1.0333333333333334 
 -4.2666666666666657  -0.4666666666666665  -1.0666666666666667 
 -4.4000000000000004  -0.4999999999999999  -1.1000000000000001 
 -4.5333333333333341  -0.5333333333333333  -1.1333333333333333 
 -4.6666666666666652  -0.5666666666666664  -1.1666666666666667 
 -4.7999999999999980  -0.5999999999999996  -1.2000000000000000 
 -4.9333333333333318  -0.6333333333333332  -1.2333333333333334 
 -5.0666666666666655  -0.6666666666666666  -1.2666666666666668 
 -5.1999999999999975  -0.6999999999999996  -1.3000000000000000 
 -5.3333333333333295  -0.7333333333333328  -1.3333333333333333 
 -5.4666666666666659  -0.7666666666666666  -1.3666666666666667 
 -5.5999999999999996  -0.7999999999999998  -1.3999999999999999 
 -5.7333333333333316  -0.8333333333333331  -1.4333333333333333 
 -5.8666666666666645  -0.8666666666666664  -1.4666666666666666 
 -6.0000000000000000  -0.9000000000000000  -1.5000000000000000 
 -6.1333333333333311  -0.9333333333333328  -1.5333333333333334 
 -6.2666666666666657  -0.9666666666666667  -1.5666666666666667 
 -6.3999999999999986  -0.9999999999999999  -1.6000000000000001 
 -6.5333333333333332  -1.0333333333333337  -1.6333333333333335 
 -6.6666666666666670  -1.0666666666666667  -1.6666666666666667 
 -6.7999999999999980  -1.0999999999999994  -1.7000000000000000 
 -6.9333333333333327  -1.1333333333333333  -1.7333333333333336 
 -7.0666666666666655  -1.1666666666666665  -1.7666666666666668 
 -7.1999999999999975  -1.2000000000000000  -1.8000000000000000 
 -7.3333333333333321  -1.2333333333333329  -1.8333333333333333 
 -7.4666666666666659  -1.2666666666666666  -1.8666666666666667 
 -7.5999999999999988  -1.2999999999999998  -1.8999999999999999 
 -7.7333333333333307  -1.3333333333333326  -1.9333333333333333 
 -7.8666666666666663  -1.3666666666666665  -1.9666666666666668 
 -8.0000000000000000  -1.3999999999999999  -2.0000000000000000 
 -8.1333333333333311  -1.4333333333333327  -2.0333333333333332 
 -8.2666666666666639  -1.4666666666666666  -2.0666666666666664 
 -8.3999999999999986  -1.5000000000000000  -2.1000000000000001 
 -8.5333333333333297  -1.5333333333333330  -2.1333333333333333 
 -8.6666666666666643  -1.5666666666666667  -2.1666666666666665 
 -8.7999999999999954  -1.5999999999999994  -2.1999999999999997 
 -8.9333333333333336  -1.6333333333333337  -2.2333333333333334 
 -9.0666666666666664  -1.6666666666666659  -2.2666666666666666 
