 -6.5999999999999996   0.7000000000000000   2.3500000000000001 
 -6.4666666666666668   0.7000000000000000   2.3166666666666664 
 -6.3333333333333339   0.7000000000000000   2.2833333333333332 
 -6.1999999999999993   0.7000000000000000   2.2500000000000000 
 -6.0666666666666664   0.7000000000000000   2.2166666666666668 
 -5.9333333333333336   0.7000000000000000   2.1833333333333331 
 -5.8000000000000007   0.7000000000000000   2.1499999999999999 
 -5.6666666666666661   0.7000000000000000   2.1166666666666667 
 -5.5333333333333332   0.7000000000000000   2.0833333333333335 
 -5.4000000000000004   0.7000000000000000   2.0499999999999998 
 -5.2666666666666675   0.7000000000000000   2.0166666666666666 
 -5.1333333333333329   0.7000000000000000   1.9833333333333334 
 -5.0000000000000000   0.7000000000000000   1.9500000000000002 
 -4.8666666666666671   0.7000000000000000   1.9166666666666665 
 -4.7333333333333325   0.7000000000000000   1.8833333333333333 
 -4.5999999999999996   0.7000000000000000   1.8500000000000001 
 -4.4666666666666668   0.7000000000000000   1.8166666666666669 
 -4.3333333333333339   0.7000000000000000   1.7833333333333332 
 -4.1999999999999993   0.7000000000000000   1.7500000000000000 
 -4.0666666666666664   0.7000000000000000   1.7166666666666668 
 -3.9333333333333340   0.7000000000000000   1.6833333333333336 
 -3.8000000000000003   0.7000000000000000   1.6499999999999999 
 -3.6666666666666665   0.7000000000000000   1.6166666666666667 
 -3.5333333333333337   0.7000000000000000   1.5833333333333335 
 -3.3999999999999999   0.7000000000000000   1.5499999999999998 
 -3.2666666666666662   0.7000000000000000   1.5166666666666666 
 -3.1333333333333333   0.7000000000000000   1.4833333333333334 
 -3.0000000000000004   0.7000000000000000   1.4500000000000002 
 -2.8666666666666667   0.7000000000000000   1.4166666666666665 
 -2.7333333333333329   0.7000000000000000   1.3833333333333333 
 -2.6000000000000001   0.7000000000000000   1.3500000000000001 
 -2.4666666666666672   0.7000000000000000   1.3166666666666669 
 -2.3333333333333335   0.7000000000000000   1.2833333333333332 
 -2.1999999999999997   0.7000000000000000   1.2500000000000000 
 -2.0666666666666669   0.7000000000000000   1.2166666666666668 
 -1.9333333333333331   0.7000000000000000   1.1833333333333331 
 -1.8000000000000003   0.7000000000000000   1.1499999999999999 
 -1.6666666666666665   0.7000000000000000   1.1166666666666667 
 -1.5333333333333337   0.7000000000000000   1.0833333333333335 
 -1.3999999999999999   0.7000000000000000   1.0499999999999998 
 -1.2666666666666671   0.7000000000000000   1.0166666666666666 
 -1.1333333333333333   0.7000000000000000   0.9833333333333333 
 -1.0000000000000004   0.7000000000000000   0.9500000000000001 
 -0.8666666666666667   0.7000000000000000   0.9166666666666666 
 -0.7333333333333338   0.7000000000000000   0.8833333333333334 
 -0.6000000000000001   0.7000000000000000   0.8500000000000000 
 -0.4666666666666672   0.7000000000000000   0.8166666666666668 
 -0.3333333333333335   0.7000000000000000   0.7833333333333333 
 -0.1999999999999997   0.7000000000000000   0.7499999999999999 
 -0.0666666666666669   0.7000000000000000   0.7166666666666667 
  0.0666666666666669   0.7000000000000000   0.6833333333333332 
  0.1999999999999997   0.7000000000000000   0.6500000000000000 
  0.3333333333333335   0.7000000000000000   0.6166666666666666 
  0.4666666666666663   0.7000000000000000   0.5833333333333334 
  0.6000000000000001   0.7000000000000000   0.5499999999999999 
  0.7333333333333329   0.7000000000000000   0.5166666666666667 
  0.8666666666666667   0.7000000000000000   0.4833333333333333 
  0.9999999999999996   0.7000000000000000   0.4500000000000001 
  1.1333333333333333   0.7000000000000000   0.4166666666666666 
  1.2666666666666662   0.7000000000000000   0.3833333333333334 
  1.3999999999999999   0.7000000000000000   0.3500000000000000 
  1.5333333333333337   0.7000000000000000   0.3166666666666665 
  1.6666666666666665   0.7000000000000000   0.2833333333333333 
  1.8000000000000003   0.7000000000000000   0.2499999999999999 
  1.9333333333333331   0.7000000000000000   0.2166666666666667 
  2.0666666666666669   0.7000000000000000   0.1833333333333332 
  2.1999999999999997   0.7000000000000000   0.1500000000000000 
  2.3333333333333335   0.7000000000000000   0.1166666666666666 
  2.4666666666666663   0.7000000000000000   0.0833333333333334 
  2.6000000000000001   0.7000000000000000   0.0499999999999999 
  2.7333333333333329   0.7000000000000000   0.0166666666666667 
  2.8666666666666667   0.7000000000000000  -0.0166666666666667 
  2.9999999999999996   0.7000000000000000  -0.0499999999999999 
  3.1333333333333333   0.7000000000000000  -0.0833333333333334 
  3.2666666666666671   0.7000000000000000  -0.1166666666666668 
  3.3999999999999999   0.7000000000000000  -0.1500000000000000 
  3.5333333333333337   0.7000000000000000  -0.1833333333333335 
  3.6666666666666665   0.7000000000000000  -0.2166666666666667 
  3.8000000000000003   0.7000000000000000  -0.2500000000000001 
  3.9333333333333331   0.7000000000000000  -0.2833333333333333 
  4.0666666666666664   0.7000000000000000  -0.3166666666666668 
  4.1999999999999993   0.7000000000000000  -0.3500000000000000 
  4.3333333333333339   0.7000000000000000  -0.3833333333333334 
  4.4666666666666668   0.7000000000000000  -0.4166666666666666 
  4.5999999999999996   0.7000000000000000  -0.4500000000000001 
  4.7333333333333325   0.7000000000000000  -0.4833333333333333 
  4.8666666666666671   0.7000000000000000  -0.5166666666666667 
  5.0000000000000000   0.7000000000000000  -0.5499999999999999 
  5.1333333333333329   0.7000000000000000  -0.5833333333333334 
  5.2666666666666675   0.7000000000000000  -0.6166666666666668 
  5.4000000000000004   0.7000000000000000  -0.6500000000000000 
  5.5333333333333332   0.7000000000000000  -0.6833333333333332 
  5.6666666666666661   0.7000000000000000  -0.7166666666666667 
  5.8000000000000007   0.7000000000000000  -0.7500000000000001 
  5.9333333333333336   0.7000000000000000  -0.7833333333333333 
  6.0666666666666664   0.7000000000000000  -0.8166666666666665 
  6.1999999999999993   0.7000000000000000  -0.8500000000000000 
  6.3333333333333339   0.7000000000000000  -0.8833333333333334 
  6.4666666666666668   0.7000000000000000  -0.9166666666666666 
  6.5999999999999996   0.7000000000000000  -0.9500000000000001 
  6.7333333333333343   0.7000000000000000  -0.9833333333333335 
  6.8666666666666671   0.7000000000000000  -1.0166666666666666 
  7.0000000000000000   0.7000000000000000  -1.0499999999999998 
  7.1333333333333329   0.7000000000000000  -1.0833333333333335 
  7.2666666666666675   0.7000000000000000  -1.1166666666666667 
  7.4000000000000004   0.7000000000000000  -1.1499999999999999 
  7.5333333333333332   0.7000000000000000  -1.1833333333333331 
  7.6666666666666661   0.7000000000000000  -1.2166666666666668 
  7.8000000000000007   0.7000000000000000  -1.2500000000000000 
  7.9333333333333336   0.7000000000000000  -1.2833333333333332 
  8.0666666666666664   0.7000000000000000  -1.3166666666666669 
  8.1999999999999993   0.7000000000000000  -1.3500000000000001 
  8.3333333333333339   0.7000000000000000  -1.3833333333333333 
  8.4666666666666668   0.7000000000000000  -1.4166666666666665 
  8.5999999999999996   0.7000000000000000  -1.4500000000000002 
  8.7333333333333325   0.7000000000000000  -1.4833333333333334 
  8.8666666666666671   0.7000000000000000  -1.5166666666666666 
  9.0000000000000000   0.7000000000000000  -1.5499999999999998 
  9.1333333333333329   0.7000000000000000  -1.5833333333333335 
  9.2666666666666657   0.7000000000000000  -1.6166666666666667 
