 -9.5999999999999996  -0.8000000000000000   1.6000000000000001 
 -9.4666666666666668  -0.8000000000000000   1.5666666666666664 
 -9.3333333333333339  -0.8000000000000000   1.5333333333333332 
 -9.1999999999999993  -0.8000000000000000   1.5000000000000000 
 -9.0666666666666664  -0.8000000000000000   1.4666666666666668 
 -8.9333333333333336  -0.8000000000000000   1.4333333333333331 
 -8.8000000000000007  -0.8000000000000000   1.3999999999999999 
 -8.6666666666666661  -0.8000000000000000   1.3666666666666667 
 -8.5333333333333332  -0.8000000000000000   1.3333333333333335 
 -8.4000000000000004  -0.8000000000000000   1.2999999999999998 
 -8.2666666666666675  -0.8000000000000000   1.2666666666666666 
 -8.1333333333333329  -0.8000000000000000   1.2333333333333334 
 -8.0000000000000000  -0.8000000000000000   1.2000000000000002 
 -7.8666666666666671  -0.8000000000000000   1.1666666666666665 
 -7.7333333333333325  -0.8000000000000000   1.1333333333333333 
 -7.5999999999999996  -0.8000000000000000   1.1000000000000001 
 -7.4666666666666668  -0.8000000000000000   1.0666666666666669 
 -7.3333333333333339  -0.8000000000000000   1.0333333333333332 
 -7.1999999999999993  -0.8000000000000000   0.9999999999999999 
 -7.0666666666666664  -0.8000000000000000   0.9666666666666667 
 -6.9333333333333336  -0.8000000000000000   0.9333333333333335 
 -6.8000000000000007  -0.8000000000000000   0.9000000000000000 
 -6.6666666666666661  -0.8000000000000000   0.8666666666666666 
 -6.5333333333333332  -0.8000000000000000   0.8333333333333334 
 -6.4000000000000004  -0.8000000000000000   0.7999999999999999 
 -6.2666666666666657  -0.8000000000000000   0.7666666666666665 
 -6.1333333333333329  -0.8000000000000000   0.7333333333333333 
 -6.0000000000000000  -0.8000000000000000   0.7000000000000001 
 -5.8666666666666671  -0.8000000000000000   0.6666666666666666 
 -5.7333333333333325  -0.8000000000000000   0.6333333333333332 
 -5.5999999999999996  -0.8000000000000000   0.6000000000000000 
 -5.4666666666666668  -0.8000000000000000   0.5666666666666668 
 -5.3333333333333339  -0.8000000000000000   0.5333333333333333 
 -5.1999999999999993  -0.8000000000000000   0.4999999999999999 
 -5.0666666666666664  -0.8000000000000000   0.4666666666666667 
 -4.9333333333333336  -0.8000000000000000   0.4333333333333332 
 -4.8000000000000007  -0.8000000000000000   0.4000000000000000 
 -4.6666666666666661  -0.8000000000000000   0.3666666666666666 
 -4.5333333333333332  -0.8000000000000000   0.3333333333333334 
 -4.4000000000000004  -0.8000000000000000   0.2999999999999999 
 -4.2666666666666675  -0.8000000000000000   0.2666666666666667 
 -4.1333333333333329  -0.8000000000000000   0.2333333333333333 
 -4.0000000000000000  -0.8000000000000000   0.2000000000000001 
 -3.8666666666666667  -0.8000000000000000   0.1666666666666666 
 -3.7333333333333338  -0.8000000000000000   0.1333333333333334 
 -3.6000000000000001  -0.8000000000000000   0.1000000000000000 
 -3.4666666666666672  -0.8000000000000000   0.0666666666666668 
 -3.3333333333333335  -0.8000000000000000   0.0333333333333333 
 -3.1999999999999997  -0.8000000000000000  -0.0000000000000001 
 -3.0666666666666669  -0.8000000000000000  -0.0333333333333333 
 -2.9333333333333331  -0.8000000000000000  -0.0666666666666668 
 -2.8000000000000003  -0.8000000000000000  -0.1000000000000000 
 -2.6666666666666665  -0.8000000000000000  -0.1333333333333334 
 -2.5333333333333337  -0.8000000000000000  -0.1666666666666666 
 -2.3999999999999999  -0.8000000000000000  -0.2000000000000001 
 -2.2666666666666671  -0.8000000000000000  -0.2333333333333333 
 -2.1333333333333333  -0.8000000000000000  -0.2666666666666667 
 -2.0000000000000004  -0.8000000000000000  -0.2999999999999999 
 -1.8666666666666667  -0.8000000000000000  -0.3333333333333334 
 -1.7333333333333338  -0.8000000000000000  -0.3666666666666666 
 -1.6000000000000001  -0.8000000000000000  -0.4000000000000000 
 -1.4666666666666663  -0.8000000000000000  -0.4333333333333335 
 -1.3333333333333335  -0.8000000000000000  -0.4666666666666667 
 -1.1999999999999997  -0.8000000000000000  -0.5000000000000001 
 -1.0666666666666669  -0.8000000000000000  -0.5333333333333333 
 -0.9333333333333331  -0.8000000000000000  -0.5666666666666668 
 -0.8000000000000003  -0.8000000000000000  -0.6000000000000000 
 -0.6666666666666665  -0.8000000000000000  -0.6333333333333334 
 -0.5333333333333337  -0.8000000000000000  -0.6666666666666666 
 -0.3999999999999999  -0.8000000000000000  -0.7000000000000001 
 -0.2666666666666671  -0.8000000000000000  -0.7333333333333333 
 -0.1333333333333333  -0.8000000000000000  -0.7666666666666667 
 -0.0000000000000004  -0.8000000000000000  -0.7999999999999999 
  0.1333333333333333  -0.8000000000000000  -0.8333333333333334 
  0.2666666666666671  -0.8000000000000000  -0.8666666666666668 
  0.3999999999999999  -0.8000000000000000  -0.9000000000000000 
  0.5333333333333337  -0.8000000000000000  -0.9333333333333335 
  0.6666666666666665  -0.8000000000000000  -0.9666666666666667 
  0.8000000000000003  -0.8000000000000000  -1.0000000000000000 
  0.9333333333333331  -0.8000000000000000  -1.0333333333333332 
  1.0666666666666669  -0.8000000000000000  -1.0666666666666669 
  1.1999999999999997  -0.8000000000000000  -1.1000000000000001 
  1.3333333333333335  -0.8000000000000000  -1.1333333333333333 
  1.4666666666666663  -0.8000000000000000  -1.1666666666666665 
  1.6000000000000001  -0.8000000000000000  -1.2000000000000002 
  1.7333333333333329  -0.8000000000000000  -1.2333333333333334 
  1.8666666666666667  -0.8000000000000000  -1.2666666666666666 
  1.9999999999999996  -0.8000000000000000  -1.2999999999999998 
  2.1333333333333333  -0.8000000000000000  -1.3333333333333335 
  2.2666666666666671  -0.8000000000000000  -1.3666666666666667 
  2.3999999999999999  -0.8000000000000000  -1.3999999999999999 
  2.5333333333333328  -0.8000000000000000  -1.4333333333333331 
  2.6666666666666665  -0.8000000000000000  -1.4666666666666668 
  2.8000000000000003  -0.8000000000000000  -1.5000000000000000 
  2.9333333333333331  -0.8000000000000000  -1.5333333333333332 
  3.0666666666666660  -0.8000000000000000  -1.5666666666666664 
  3.1999999999999997  -0.8000000000000000  -1.6000000000000001 
  3.3333333333333335  -0.8000000000000000  -1.6333333333333333 
  3.4666666666666663  -0.8000000000000000  -1.6666666666666665 
  3.6000000000000001  -0.8000000000000000  -1.7000000000000002 
  3.7333333333333338  -0.8000000000000000  -1.7333333333333334 
  3.8666666666666667  -0.8000000000000000  -1.7666666666666666 
  3.9999999999999996  -0.8000000000000000  -1.7999999999999998 
  4.1333333333333329  -0.8000000000000000  -1.8333333333333335 
  4.2666666666666675  -0.8000000000000000  -1.8666666666666667 
  4.4000000000000004  -0.8000000000000000  -1.8999999999999999 
  4.5333333333333332  -0.8000000000000000  -1.9333333333333331 
  4.6666666666666661  -0.8000000000000000  -1.9666666666666668 
  4.8000000000000007  -0.8000000000000000  -2.0000000000000000 
  4.9333333333333336  -0.8000000000000000  -2.0333333333333332 
  5.0666666666666664  -0.8000000000000000  -2.0666666666666669 
  5.1999999999999993  -0.8000000000000000  -2.1000000000000001 
  5.3333333333333339  -0.8000000000000000  -2.1333333333333333 
  5.4666666666666668  -0.8000000000000000  -2.1666666666666665 
  5.5999999999999996  -0.8000000000000000  -2.2000000000000002 
  5.7333333333333325  -0.8000000000000000  -2.2333333333333334 
  5.8666666666666671  -0.8000000000000000  -2.2666666666666666 
  6.0000000000000000  -0.8000000000000000  -2.2999999999999998 
  6.1333333333333329  -0.8000000000000000  -2.3333333333333335 
  6.2666666666666657  -0.8000000000000000  -2.3666666666666667 
