  6.3999999999999977   2.3999999999999999   1.6000000000000001 
  6.2666666666666657   2.3666666666666671   1.5666666666666664 
  6.1333333333333329   2.3333333333333330   1.5333333333333332 
  5.9999999999999956   2.2999999999999989   1.5000000000000000 
  5.8666666666666645   2.2666666666666662   1.4666666666666668 
  5.7333333333333298   2.2333333333333325   1.4333333333333333 
  5.5999999999999996   2.2000000000000002   1.3999999999999999 
  5.4666666666666659   2.1666666666666670   1.3666666666666667 
  5.3333333333333330   2.1333333333333337   1.3333333333333335 
  5.2000000000000002   2.1000000000000005   1.2999999999999998 
  5.0666666666666673   2.0666666666666673   1.2666666666666666 
  4.9333333333333318   2.0333333333333328   1.2333333333333334 
  4.7999999999999989   1.9999999999999998   1.2000000000000002 
  4.6666666666666661   1.9666666666666666   1.1666666666666665 
  4.5333333333333314   1.9333333333333329   1.1333333333333333 
  4.3999999999999986   1.8999999999999999   1.1000000000000001 
  4.2666666666666657   1.8666666666666665   1.0666666666666669 
  4.1333333333333320   1.8333333333333335   1.0333333333333332 
  3.9999999999999964   1.7999999999999992   0.9999999999999999 
  3.8666666666666658   1.7666666666666664   0.9666666666666667 
  3.7333333333333329   1.7333333333333332   0.9333333333333336 
  3.6000000000000001   1.7000000000000000   0.9000000000000000 
  3.4666666666666646   1.6666666666666665   0.8666666666666666 
  3.3333333333333317   1.6333333333333333   0.8333333333333334 
  3.1999999999999988   1.6000000000000001   0.8000000000000000 
  3.0666666666666647   1.5666666666666664   0.7666666666666665 
  2.9333333333333322   1.5333333333333330   0.7333333333333333 
  2.7999999999999994   1.5000000000000000   0.7000000000000000 
  2.6666666666666661   1.4666666666666666   0.6666666666666666 
  2.5333333333333319   1.4333333333333333   0.6333333333333332 
  2.3999999999999990   1.3999999999999999   0.6000000000000000 
  2.2666666666666657   1.3666666666666665   0.5666666666666668 
  2.1333333333333329   1.3333333333333333   0.5333333333333333 
  1.9999999999999982   1.2999999999999994   0.4999999999999998 
  1.8666666666666656   1.2666666666666664   0.4666666666666667 
  1.7333333333333336   1.2333333333333334   0.4333333333333332 
  1.6000000000000003   1.2000000000000000   0.4000000000000000 
  1.4666666666666659   1.1666666666666665   0.3666666666666666 
  1.3333333333333330   1.1333333333333333   0.3333333333333334 
  1.2000000000000006   1.1000000000000001   0.2999999999999999 
  1.0666666666666675   1.0666666666666669   0.2666666666666667 
  0.9333333333333327   1.0333333333333332   0.2333333333333333 
  0.7999999999999997   1.0000000000000000   0.2000000000000001 
  0.6666666666666667   0.9666666666666668   0.1666666666666666 
  0.5333333333333338   0.9333333333333336   0.1333333333333334 
  0.3999999999999997   0.9000000000000000   0.1000000000000000 
  0.2666666666666673   0.8666666666666668   0.0666666666666668 
  0.1333333333333332   0.8333333333333333   0.0333333333333333 
 -0.0000000000000006   0.7999999999999998  -0.0000000000000001 
 -0.1333333333333335   0.7666666666666666  -0.0333333333333333 
 -0.2666666666666676   0.7333333333333331  -0.0666666666666668 
 -0.4000000000000001   0.7000000000000000  -0.1000000000000000 
 -0.5333333333333337   0.6666666666666666  -0.1333333333333334 
 -0.6666666666666667   0.6333333333333334  -0.1666666666666666 
 -0.7999999999999998   0.6000000000000000  -0.2000000000000001 
 -0.9333333333333328   0.5666666666666668  -0.2333333333333333 
 -1.0666666666666664   0.5333333333333333  -0.2666666666666667 
 -1.1999999999999993   0.5000000000000001  -0.2999999999999999 
 -1.3333333333333335   0.4666666666666665  -0.3333333333333334 
 -1.4666666666666666   0.4333333333333334  -0.3666666666666666 
 -1.6000000000000003   0.3999999999999999  -0.4000000000000000 
 -1.7333333333333332   0.3666666666666667  -0.4333333333333335 
 -1.8666666666666663   0.3333333333333334  -0.4666666666666667 
 -2.0000000000000004   0.3000000000000000  -0.5000000000000001 
 -2.1333333333333329   0.2666666666666668  -0.5333333333333333 
 -2.2666666666666671   0.2333333333333332  -0.5666666666666668 
 -2.3999999999999999   0.2000000000000001  -0.6000000000000000 
 -2.5333333333333337   0.1666666666666665  -0.6333333333333334 
 -2.6666666666666661   0.1333333333333334  -0.6666666666666666 
 -2.7999999999999998   0.1000000000000000  -0.7000000000000000 
 -2.9333333333333322   0.0666666666666668  -0.7333333333333333 
 -3.0666666666666660   0.0333333333333332  -0.7666666666666667 
 -3.1999999999999988   0.0000000000000000  -0.8000000000000000 
 -3.3333333333333330  -0.0333333333333332  -0.8333333333333334 
 -3.4666666666666677  -0.0666666666666668  -0.8666666666666668 
 -3.6000000000000001  -0.0999999999999999  -0.9000000000000000 
 -3.7333333333333343  -0.1333333333333335  -0.9333333333333336 
 -3.8666666666666658  -0.1666666666666663  -0.9666666666666667 
 -4.0000000000000000  -0.2000000000000001  -1.0000000000000000 
 -4.1333333333333320  -0.2333333333333331  -1.0333333333333332 
 -4.2666666666666666  -0.2666666666666667  -1.0666666666666669 
 -4.4000000000000004  -0.2999999999999999  -1.1000000000000001 
 -4.5333333333333314  -0.3333333333333333  -1.1333333333333333 
 -4.6666666666666652  -0.3666666666666665  -1.1666666666666665 
 -4.8000000000000007  -0.4000000000000000  -1.2000000000000002 
 -4.9333333333333345  -0.4333333333333333  -1.2333333333333334 
 -5.0666666666666655  -0.4666666666666663  -1.2666666666666666 
 -5.1999999999999993  -0.4999999999999999  -1.2999999999999998 
 -5.3333333333333330  -0.5333333333333332  -1.3333333333333335 
 -5.4666666666666659  -0.5666666666666667  -1.3666666666666667 
 -5.5999999999999996  -0.6000000000000001  -1.3999999999999999 
 -5.7333333333333316  -0.6333333333333331  -1.4333333333333333 
 -5.8666666666666663  -0.6666666666666666  -1.4666666666666668 
 -6.0000000000000000  -0.6999999999999998  -1.5000000000000000 
 -6.1333333333333320  -0.7333333333333333  -1.5333333333333332 
 -6.2666666666666657  -0.7666666666666664  -1.5666666666666664 
 -6.4000000000000004  -0.8000000000000002  -1.6000000000000001 
 -6.5333333333333306  -0.8333333333333329  -1.6333333333333333 
 -6.6666666666666661  -0.8666666666666666  -1.6666666666666665 
 -6.7999999999999989  -0.9000000000000002  -1.7000000000000002 
 -6.9333333333333318  -0.9333333333333336  -1.7333333333333336 
 -7.0666666666666647  -0.9666666666666662  -1.7666666666666664 
 -7.1999999999999975  -0.9999999999999996  -1.7999999999999998 
 -7.3333333333333330  -1.0333333333333332  -1.8333333333333335 
 -7.4666666666666668  -1.0666666666666667  -1.8666666666666667 
 -7.5999999999999979  -1.0999999999999999  -1.8999999999999999 
 -7.7333333333333316  -1.1333333333333331  -1.9333333333333333 
 -7.8666666666666627  -1.1666666666666663  -1.9666666666666668 
 -7.9999999999999991  -1.1999999999999997  -2.0000000000000000 
 -8.1333333333333311  -1.2333333333333332  -2.0333333333333332 
 -8.2666666666666639  -1.2666666666666662  -2.0666666666666669 
 -8.3999999999999986  -1.2999999999999994  -2.1000000000000001 
 -8.5333333333333332  -1.3333333333333333  -2.1333333333333333 
 -8.6666666666666679  -1.3666666666666667  -2.1666666666666665 
 -8.8000000000000007  -1.3999999999999999  -2.2000000000000002 
 -8.9333333333333336  -1.4333333333333333  -2.2333333333333334 
 -9.0666666666666629  -1.4666666666666666  -2.2666666666666666 
 -9.1999999999999975  -1.5000000000000000  -2.2999999999999998 
 -9.3333333333333286  -1.5333333333333328  -2.3333333333333335 
 -9.4666666666666632  -1.5666666666666664  -2.3666666666666667 
