 100   4.800   2.000   0.800       -0.2251938329       -0.0179642202       -0.4421686387       -0.0291111900       -0.4831366764       -0.0265676526       -0.1082704999       -0.0048202381       -0.1578512137       -0.0046365326       -0.2313168068       -0.0070729973       -0.2492572443       -0.0072784468       -0.1352086542       -0.0036262535       -0.0014709792       -0.0003820616       -0.0005239510       -0.0001919117       -0.0008473660       -0.0005639904       -0.0006027645       -0.0005331546
  10  -2.473  -1.636  -1.018       -0.2533696120       -0.0183455508       -0.5215879069       -0.0444847848       -0.4165215264       -0.0253162197       -0.1908720397       -0.0093109371       -0.1555955370       -0.0047945943       -0.2064763119       -0.0063787700       -0.2308462162       -0.0070298622       -0.1326219401       -0.0036785173       -0.0003920730       -0.0003267065       -0.0003614635       -0.0005752815       -0.0004386510       -0.0005074800       -0.0004553693       -0.0007623084
  11  -2.392  -1.596  -0.998       -0.3383115335       -0.0371027891       -0.6365892567       -0.0755101072       -0.4300813790       -0.0322478181       -0.2312151143       -0.0130234475       -0.1703622558       -0.0053911480       -0.1753124148       -0.0053882944       -0.2248928176       -0.0069721780       -0.1348845334       -0.0038772922       -0.0004680418       -0.0003697432       -0.0003360002       -0.0005987758       -0.0004372038       -0.0005159076       -0.0004110245       -0.0006366136
  12  -2.311  -1.556  -0.978       -0.4410729433       -0.0732552090       -0.7946032077       -0.1304866816       -0.3588226159       -0.0316132111       -0.2958577111       -0.0201266734       -0.1846835470       -0.0059385923       -0.1566954342       -0.0048404776       -0.2160936719       -0.0067101452       -0.1354746048       -0.0039970127       -0.0005371914       -0.0004486626       -0.0003229537       -0.0005494683       -0.0004249987       -0.0005242411       -0.0004106494       -0.0005345831
  13  -2.230  -1.515  -0.958       -0.5199608228       -0.1088962032       -0.8401923182       -0.1760330091       -0.3250235193       -0.0294214606       -0.3659329408       -0.0288902015       -0.1897581504       -0.0061074708       -0.1804299711       -0.0057140620       -0.1708027729       -0.0051677778       -0.1467951524       -0.0044566011       -0.0005829971       -0.0004626044       -0.0004167407       -0.0004564422       -0.0004040065       -0.0004750861       -0.0005262109       -0.0004478454
  14  -2.149  -1.475  -0.937       -0.9092306749       -0.1977279022       -0.4030691539       -0.0755258995       -0.4888069991       -0.0429852992       -0.2446668544       -0.0171947157       -0.1685908578       -0.0053193862       -0.2148782780       -0.0069122826       -0.1284929822       -0.0038611637       -0.1775536874       -0.0054076739       -0.0004760065       -0.0005700336       -0.0003809386       -0.0005322903       -0.0004091738       -0.0004236943       -0.0004984645       -0.0005481671
  15  -2.069  -1.434  -0.917       -0.6726502287       -0.1194983141       -0.4818610384       -0.0674721155       -0.5231854213       -0.0385208698       -0.1953205295       -0.0116113254       -0.1826604156       -0.0058187292       -0.1937339231       -0.0060439948       -0.1524150572       -0.0047432162       -0.1697777123       -0.0050601174       -0.0004109501       -0.0005594127       -0.0003480805       -0.0006402497       -0.0004278850       -0.0003696783       -0.0004878011       -0.0007061814
  16  -1.988  -1.394  -0.897       -0.4978700098       -0.0585977665       -0.4771391611       -0.0480023660       -0.4730125681       -0.0279081496       -0.1641049359       -0.0081771024       -0.1892508429       -0.0060129707       -0.1758123830       -0.0053434719       -0.1872947204       -0.0058795465       -0.1636669094       -0.0047338224       -0.0003372544       -0.0004923171       -0.0003843007       -0.0006591790       -0.0004123349       -0.0003662373       -0.0005090354       -0.0009255000
  17  -1.907  -1.354  -0.877       -0.3736362517       -0.0313059387       -0.4608556061       -0.0356822900       -0.3934082931       -0.0192994938       -0.1475130839       -0.0064218064       -0.1896953756       -0.0059726935       -0.1737217394       -0.0052263418       -0.2218811858       -0.0068618289       -0.1566096987       -0.0043498455       -0.0002520351       -0.0004422951       -0.0004247131       -0.0005700810       -0.0003957853       -0.0003801019       -0.0005625024       -0.0011674057
  18  -1.826  -1.313  -0.857       -0.3025935065       -0.0199501947       -0.4365621364       -0.0285482454       -0.3219882710       -0.0138385735       -0.1415655508       -0.0056687458       -0.1897415922       -0.0059209438       -0.1791822147       -0.0053698929       -0.2548287615       -0.0076643299       -0.1494039058       -0.0039718777       -0.0002015422       -0.0004194377       -0.0004385526       -0.0004317172       -0.0003943576       -0.0004041572       -0.0006508961       -0.0012767557
  19  -1.745  -1.273  -0.836       -0.2686736190       -0.0153904552       -0.4157177601       -0.0244883641       -0.2730105848       -0.0107910549       -0.1408886382       -0.0054037751       -0.1909077825       -0.0059212750       -0.1859917671       -0.0055621949       -0.2817505745       -0.0082303002       -0.1449175521       -0.0037239276       -0.0002344895       -0.0004153399       -0.0004345308       -0.0003143164       -0.0004291812       -0.0004352228       -0.0007566716       -0.0011384673
   1  -3.200  -2.000  -1.200       -0.2303397727       -0.0190364828       -0.4544497555       -0.0318449438       -0.4794263295       -0.0261955009       -0.1062503902       -0.0047170787       -0.1598204940       -0.0046659512       -0.2304500859       -0.0070830520       -0.2502952010       -0.0073764658       -0.1383018901       -0.0037273862       -0.0014831297       -0.0003997119       -0.0005012635       -0.0001933578       -0.0009174373       -0.0003981209       -0.0006998681       -0.0005118050
  20  -1.665  -1.232  -0.816       -0.2595145179       -0.0137538737       -0.4070167124       -0.0228065743       -0.2477405603       -0.0093825438       -0.1422745571       -0.0053617250       -0.1932379558       -0.0059839301       -0.1895970090       -0.0056688589       -0.3019462666       -0.0086637047       -0.1442440282       -0.0036465461       -0.0003768613       -0.0004265450       -0.0004328648       -0.0002358767       -0.0005197209       -0.0004633721       -0.0008582241       -0.0008399723
  21  -1.584  -1.192  -0.796       -0.2691029426       -0.0138715027       -0.4137976305       -0.0231001266       -0.2418478859       -0.0090849182       -0.1446901130       -0.0054356318       -0.1963685384       -0.0061037843       -0.1875973891       -0.0056258727       -0.3187565003       -0.0091478171       -0.1458028462       -0.0036838788       -0.0006185791       -0.0004564309       -0.0004493036       -0.0001910647       -0.0006594591       -0.0004781542       -0.0009499736       -0.0005906831
  22  -1.503  -1.152  -0.776       -0.2945481498       -0.0153929180       -0.4344537645       -0.0251129679       -0.2518804876       -0.0096810824       -0.1478805648       -0.0055721316       -0.1997373836       -0.0062630887       -0.1804524787       -0.0054419555       -0.3342524478       -0.0097561301       -0.1468040614       -0.0037386736       -0.0009176905       -0.0005075905       -0.0004926435       -0.0001741205       -0.0008049770       -0.0004792172       -0.0010336513       -0.0005136049
  23  -1.422  -1.111  -0.756       -0.3317890793       -0.0181365161       -0.4644845386       -0.0286387050       -0.2751006062       -0.0111021243       -0.1515710724       -0.0057195643       -0.2029642611       -0.0064394113       -0.1706701764       -0.0051771868       -0.3472384659       -0.0104002554       -0.1459105414       -0.0037519574       -0.0012166426       -0.0005738974       -0.0005599421       -0.0001820672       -0.0009053853       -0.0004799769       -0.0010992251       -0.0005830726
  24  -1.341  -1.071  -0.735       -0.3675628063       -0.0212106354       -0.5027900291       -0.0336141790       -0.3052040946       -0.0130914484       -0.1553484670       -0.0058246136       -0.2062514727       -0.0066197761       -0.1610437607       -0.0049053305       -0.3560000800       -0.0109302997       -0.1440354402       -0.0037319057       -0.0014756602       -0.0006267949       -0.0006320529       -0.0002089110       -0.0009353581       -0.0005012887       -0.0011371836       -0.0007111736
  25  -1.261  -1.030  -0.715       -0.3585109993       -0.0206442027       -0.5724446599       -0.0413703317       -0.3304086441       -0.0149405304       -0.1588310785       -0.0058546459       -0.2098035918       -0.0067870693       -0.1538132780       -0.0046971187       -0.3617025413       -0.0112899695       -0.1425990762       -0.0037054666       -0.0017367587       -0.0005729533       -0.0006809467       -0.0002385261       -0.0008951347       -0.0005664169       -0.0011575909       -0.0008265627
  26  -1.180  -0.990  -0.695       -0.2768016163       -0.0138955806       -0.6810564270       -0.0502808549       -0.3387605298       -0.0157377374       -0.1617032628       -0.0058104510       -0.1521468434       -0.0046709455       -0.2120124019       -0.0068618238       -0.3669012544       -0.0115118286       -0.1426324799       -0.0036908268       -0.0019084469       -0.0004768977       -0.0006870273       -0.0002513619       -0.0007495350       -0.0007340262       -0.0011770281       -0.0008992076
  27  -1.099  -0.949  -0.675       -0.2841516151       -0.0147236196       -0.6602619199       -0.0453230334       -0.3266170538       -0.0151078617       -0.1636361656       -0.0057159168       -0.1548420110       -0.0047743980       -0.2149967749       -0.0069269062       -0.3718389131       -0.0115968816       -0.1452014966       -0.0037138825       -0.0017043558       -0.0006147133       -0.0006467474       -0.0002405853       -0.0008287210       -0.0006796173       -0.0011970528       -0.0009252901
  28  -1.018  -0.909  -0.655       -0.2889533243       -0.0145997069       -0.6137640179       -0.0384593137       -0.3016677475       -0.0135727504       -0.1643191903       -0.0055949081       -0.1597125500       -0.0049338581       -0.2209451343       -0.0070664863       -0.3735438738       -0.0114765715       -0.1513285739       -0.0038092088       -0.0015084040       -0.0006058257       -0.0005734182       -0.0002188477       -0.0008660977       -0.0006515208       -0.0011992967       -0.0009179519
  29  -0.937  -0.869  -0.634       -0.2860336652       -0.0139146607       -0.5674244630       -0.0327976675       -0.2771479618       -0.0120303426       -0.1638576508       -0.0054676487       -0.1640985045       -0.0050665120       -0.2307168384       -0.0073258305       -0.3690699502       -0.0111218652       -0.1606663670       -0.0039802180       -0.0012523818       -0.0005453296       -0.0004939056       -0.0002072120       -0.0008172231       -0.0006616742       -0.0011616025       -0.0009203781
   2  -3.119  -1.960  -1.180       -0.1971624683       -0.0136717724       -0.4691605186       -0.0334704320       -0.4559847530       -0.0243698951       -0.1091992948       -0.0047842456       -0.1531069623       -0.0044359745       -0.2374428601       -0.0073128134       -0.2559637936       -0.0075534608       -0.1324206225       -0.0035200248       -0.0014360333       -0.0004330232       -0.0004764743       -0.0001974292       -0.0009242481       -0.0004123458       -0.0006568394       -0.0005162975
  30  -0.857  -0.828  -0.614       -0.2842066249       -0.0135712920       -0.5322312704       -0.0291573118       -0.2633528678       -0.0111054829       -0.1632358410       -0.0053697064       -0.1670826371       -0.0051591609       -0.2412968458       -0.0076264249       -0.3596301037       -0.0106604711       -0.1707062180       -0.0041772539       -0.0009382470       -0.0004889756       -0.0004354789       -0.0002204772       -0.0006903533       -0.0006846553       -0.0010864386       -0.0010115672
  31  -0.776  -0.788  -0.594       -0.2887824057       -0.0139614368       -0.5188481704       -0.0279738735       -0.2654433018       -0.0110780944       -0.1641442429       -0.0053560771       -0.1681976195       -0.0052090802       -0.2486713461       -0.0078697352       -0.3487071714       -0.0102766852       -0.1790961938       -0.0043653743       -0.0006241361       -0.0004547498       -0.0004116646       -0.0002666282       -0.0005315006       -0.0007016048       -0.0009938661       -0.0012620178
  32  -0.695  -0.747  -0.574       -0.3040464598       -0.0154748120       -0.5350383302       -0.0297320630       -0.2876619817       -0.0122104539       -0.1687038566       -0.0055008021       -0.1672769248       -0.0052118952       -0.2504236738       -0.0079992535       -0.3360329416       -0.0099957482       -0.1859122559       -0.0045836825       -0.0003767286       -0.0004481236       -0.0004221281       -0.0003557483       -0.0004057815       -0.0007030860       -0.0008818815       -0.0016281851
  33  -0.614  -0.707  -0.554       -0.3341966815       -0.0188055437       -0.5862927202       -0.0355588268       -0.3363859654       -0.0150412987       -0.1801568585       -0.0059396845       -0.1642882814       -0.0051570752       -0.2472483655       -0.0080240542       -0.3166645564       -0.0096290558       -0.1913899375       -0.0048741608       -0.0002416735       -0.0004726733       -0.0004559975       -0.0005045143       -0.0003495781       -0.0006884197       -0.0007350740       -0.0019014773
  34  -0.533  -0.667  -0.533       -0.3845824207       -0.0256698741       -0.6778588818       -0.0484795427       -0.4152996596       -0.0203808822       -0.2039223326       -0.0069672573       -0.1591503094       -0.0050288988       -0.2429999511       -0.0080323797       -0.2875135802       -0.0089607050       -0.1930537422       -0.0051759160       -0.0002230472       -0.0005362395       -0.0004829718       -0.0007214222       -0.0003527253       -0.0006621038       -0.0005682083       -0.0018735021
  35  -0.453  -0.626  -0.513       -0.4619981721       -0.0414393827       -0.8181263541       -0.0796364700       -0.5146592693       -0.0288522712       -0.2458335067       -0.0091172967       -0.1519778132       -0.0048225757       -0.2423048975       -0.0081500897       -0.2546681505       -0.0080640318       -0.1879182389       -0.0053361339       -0.0002808403       -0.0006523622       -0.0004585474       -0.0009527094       -0.0003862739       -0.0006285909       -0.0004285102       -0.0015649159
  36  -0.372  -0.586  -0.493       -0.5697984717       -0.0752431055       -0.9902883485       -0.1573094086       -0.6070056976       -0.0397768675       -0.3074974528       -0.0131752021       -0.1463704137       -0.0046684512       -0.2439023247       -0.0083144733       -0.2282665386       -0.0072507279       -0.1778962296       -0.0052932952       -0.0003549539       -0.0008235286       -0.0003766315       -0.0010792000       -0.0004320935       -0.0005812018       -0.0003570492       -0.0011970117
  37  -0.291  -0.545  -0.473       -0.6861352605       -0.1321941745       -1.1322024217       -0.2860456915       -0.6490719676       -0.0485667987       -0.3904847919       -0.0206420064       -0.1663870501       -0.0054690634       -0.2198279010       -0.0074527940       -0.2175686867       -0.0069078376       -0.1667155657       -0.0051090611       -0.0004038591       -0.0009791693       -0.0003269129       -0.0010512853       -0.0004900764       -0.0004859081       -0.0003849178       -0.0009244696
  38  -0.210  -0.505  -0.453       -1.2057708873       -0.3721586860       -0.7266522929       -0.1251241539       -0.5565424537       -0.0424689202       -0.5508852867       -0.0382524426       -0.2629143168       -0.0091184512       -0.1168264082       -0.0035364975       -0.2308147695       -0.0073907275       -0.1498062257       -0.0046552970       -0.0010377149       -0.0004111581       -0.0005787429       -0.0007454934       -0.0005084368       -0.0004114961       -0.0005243287       -0.0007256645
  39  -0.129  -0.465  -0.432       -1.1421244070       -0.3246561376       -0.7531139292       -0.1007989217       -0.5445436401       -0.0515651202       -0.5677450829       -0.0372349250       -0.2519967336       -0.0086397721       -0.1281650108       -0.0038805658       -0.1838637980       -0.0059243205       -0.2016221239       -0.0063899011       -0.0010101069       -0.0004125743       -0.0008129020       -0.0004885383       -0.0004718818       -0.0004424784       -0.0006573142       -0.0006239154
   3  -3.038  -1.919  -1.160       -0.1807764733       -0.0106188539       -0.4459262386       -0.0300221264       -0.4125197626       -0.0210545524       -0.1163937861       -0.0049886998       -0.1500165087       -0.0043156280       -0.2436233964       -0.0074683031       -0.2654751272       -0.0077773449       -0.1258326421       -0.0032722055       -0.0013023518       -0.0004690053       -0.0004379347       -0.0002031055       -0.0009119768       -0.0004550768       -0.0006414675       -0.0005095956
  40  -0.048  -0.424  -0.412       -0.9599973416       -0.2085518406       -0.7527758906       -0.0642760557       -0.5572541704       -0.0535230432       -0.4712156286       -0.0253831535       -0.2413015806       -0.0081526467       -0.1619996027       -0.0049529305       -0.1635301845       -0.0053488022       -0.2209171508       -0.0069244550       -0.0009279047       -0.0004830725       -0.0006659070       -0.0005476056       -0.0005012561       -0.0005039759       -0.0005801310       -0.0007669902
  41   0.032  -0.384  -0.392       -0.7252429447       -0.1073021957       -0.7562392382       -0.0542044428       -0.4928545650       -0.0345555015       -0.3814341776       -0.0171830942       -0.2275476430       -0.0075300656       -0.1996712542       -0.0063327411       -0.1614561146       -0.0051708991       -0.2399007480       -0.0073148870       -0.0008120045       -0.0005984568       -0.0005239493       -0.0005381467       -0.0005497234       -0.0005788828       -0.0005599626       -0.0009555404
  42   0.113  -0.343  -0.372       -0.5511377977       -0.0522224731       -0.7183427742       -0.0451334201       -0.4235800818       -0.0232963015       -0.3096362791       -0.0122247512       -0.2134206568       -0.0068958978       -0.2381404412       -0.0076976660       -0.1740221176       -0.0054246653       -0.2587881422       -0.0075622366       -0.0007109566       -0.0006878982       -0.0004435643       -0.0004553265       -0.0005958705       -0.0006972860       -0.0005988866       -0.0011408097
  43   0.194  -0.303  -0.352       -0.4443380666       -0.0289124028       -0.6578484000       -0.0373335758       -0.3686416699       -0.0174507480       -0.2614903274       -0.0095134370       -0.2042767158       -0.0064662766       -0.2759054253       -0.0089652772       -0.1904753572       -0.0057411909       -0.2710163375       -0.0075535940       -0.0006951463       -0.0007601636       -0.0003820035       -0.0003560367       -0.0006610586       -0.0008764662       -0.0006525290       -0.0012312282
  44   0.275  -0.263  -0.331       -0.3922100544       -0.0214997067       -0.6061651519       -0.0322402986       -0.3343276376       -0.0145664069       -0.2349610769       -0.0081913006       -0.1995929448       -0.0062283462       -0.3068007116       -0.0099678914       -0.2038305174       -0.0059440138       -0.2754125133       -0.0073979990       -0.0008094432       -0.0008226260       -0.0003352463       -0.0002849503       -0.0007751161       -0.0010863218       -0.0006881948       -0.0011938373
  45   0.356  -0.222  -0.311       -0.3726797449       -0.0188424470       -0.5830972426       -0.0303054416       -0.3226106772       -0.0135681626       -0.2229989890       -0.0076283168       -0.1971861266       -0.0061125585       -0.3251925452       -0.0105877732       -0.2106803346       -0.0060114707       -0.2757959518       -0.0072827852       -0.0010527326       -0.0008965262       -0.0003073405       -0.0002444081       -0.0009418191       -0.0012811439       -0.0006924379       -0.0011037105
  46   0.436  -0.182  -0.291       -0.3735501095       -0.0184479110       -0.5955996957       -0.0315547248       -0.3315661545       -0.0139233305       -0.2199959239       -0.0074812996       -0.1950795514       -0.0060538878       -0.3295956104       -0.0108200158       -0.2113004886       -0.0059937706       -0.2749608454       -0.0072875555       -0.0013896860       -0.0010009835       -0.0002973775       -0.0002248836       -0.0011209756       -0.0014261628       -0.0006746353       -0.0010587473
  47   0.517  -0.141  -0.271       -0.3865018094       -0.0193306487       -0.6419362746       -0.0360781617       -0.3571984209       -0.0153426159       -0.2231603659       -0.0076064313       -0.1916337904       -0.0059838241       -0.3235789943       -0.0107645736       -0.2069805770       -0.0059136039       -0.2732589100       -0.0073834567       -0.0017668159       -0.0011311954       -0.0003008761       -0.0002213704       -0.0012544047       -0.0015062564       -0.0006441608       -0.0010951734
  48   0.598  -0.101  -0.251       -0.4013568425       -0.0205664968       -0.7147729820       -0.0440538657       -0.3923161168       -0.0175020344       -0.2309051874       -0.0079401988       -0.1855238217       -0.0058286486       -0.3143456803       -0.0106092718       -0.2000118403       -0.0057917423       -0.2699996866       -0.0074876408       -0.0021326869       -0.0012543796       -0.0003106127       -0.0002333896       -0.0013207846       -0.0015402292       -0.0006061576       -0.0011814519
  49   0.679  -0.061  -0.230       -0.4051314976       -0.0207119991       -0.8004988524       -0.0550140178       -0.4257842453       -0.0197886566       -0.2405644574       -0.0083768705       -0.1756854631       -0.0055219044       -0.3097472511       -0.0105808065       -0.1940822104       -0.0056915705       -0.2652744702       -0.0075277272       -0.0024495115       -0.0013223037       -0.0003188170       -0.0002554062       -0.0013407975       -0.0015603854       -0.0005737950       -0.0012673988
   4  -2.958  -1.879  -1.139       -0.1715834223       -0.0090895314       -0.4102353801       -0.0256030566       -0.3640617157       -0.0176339241       -0.1259831885       -0.0052735912       -0.1475978645       -0.0042143159       -0.2507101692       -0.0076283901       -0.2742897098       -0.0079265252       -0.1205925772       -0.0030631179       -0.0011235911       -0.0004717148       -0.0003931454       -0.0002185968       -0.0008769170       -0.0005041936       -0.0006387697       -0.0005061172
  50   0.760  -0.020  -0.210       -0.3959281776       -0.0192034899       -0.8678786662       -0.0649563558       -0.4456164242       -0.0212804366       -0.2477808303       -0.0087138854       -0.1633364793       -0.0050984329       -0.3133130172       -0.0107770385       -0.1925194996       -0.0056859230       -0.2605307127       -0.0074857509       -0.0026787881       -0.0013215351       -0.0003240816       -0.0002729432       -0.0013474109       -0.0015941537       -0.0005637354       -0.0013251544
  51   0.840   0.020  -0.190       -0.3988401368       -0.0193047203       -0.8654616207       -0.0648889829       -0.4441279336       -0.0211981662       -0.2488494745       -0.0087589012       -0.1564081856       -0.0048604921       -0.3192781869       -0.0109675358       -0.1966829067       -0.0058041367       -0.2573536497       -0.0073818682       -0.0027345407       -0.0013112849       -0.0003287591       -0.0002727162       -0.0013630397       -0.0016514898       -0.0005826498       -0.0013473997
  52   0.921   0.061  -0.170       -0.4125342449       -0.0209327293       -0.7945870937       -0.0548790448       -0.4217566768       -0.0195789503       -0.2434495850       -0.0084936174       -0.1580853135       -0.0049196041       -0.3247773297       -0.0110584372       -0.2059857091       -0.0060235068       -0.2561717380       -0.0072345766       -0.0025976782       -0.0013023659       -0.0003331440       -0.0002568845       -0.0013869692       -0.0017308148       -0.0006281305       -0.0013295128
  53   1.002   0.101  -0.149       -0.4113371903       -0.0208510687       -0.7071148894       -0.0439085698       -0.3868680105       -0.0172454396       -0.2347586362       -0.0080847144       -0.1618462576       -0.0050274880       -0.3346628878       -0.0112547352       -0.2179834625       -0.0062765654       -0.2561846260       -0.0070544788       -0.0023361038       -0.0012365560       -0.0003344458       -0.0002431757       -0.0013895763       -0.0018217556       -0.0006886199       -0.0012703361
  54   1.083   0.141  -0.129       -0.3979293897       -0.0196644033       -0.6332611897       -0.0359119017       -0.3515067701       -0.0151059655       -0.2270791760       -0.0077368671       -0.1645501882       -0.0050849806       -0.3475296727       -0.0115339707       -0.2288072832       -0.0064780315       -0.2563841135       -0.0068699010       -0.0019887317       -0.0011199319       -0.0003331918       -0.0002491493       -0.0013318886       -0.0018927039       -0.0007451311       -0.0011953563
  55   1.164   0.182  -0.109       -0.3858253653       -0.0188002422       -0.5860206963       -0.0313441958       -0.3260330294       -0.0137204421       -0.2236170444       -0.0075827995       -0.1658750637       -0.0051065976       -0.3567470377       -0.0117129996       -0.2352668131       -0.0065880449       -0.2564109992       -0.0067362617       -0.0015934604       -0.0009973134       -0.0003359215       -0.0002789832       -0.0011933020       -0.0019029960       -0.0007832614       -0.0011625365
  56   1.244   0.222  -0.089       -0.3855028796       -0.0191672229       -0.5724610646       -0.0300410332       -0.3165144371       -0.0133507284       -0.2267065112       -0.0077147223       -0.1662815643       -0.0051292500       -0.3555828618       -0.0116209896       -0.2363358689       -0.0066288106       -0.2561193064       -0.0067044180       -0.0012089248       -0.0009017608       -0.0003494341       -0.0003292660       -0.0010066992       -0.0018263548       -0.0008012276       -0.0012169237
  57   1.325   0.263  -0.069       -0.4052538143       -0.0216835216       -0.5944516515       -0.0319604598       -0.3260889496       -0.0142215111       -0.2396561749       -0.0082893922       -0.1668016801       -0.0051941170       -0.3405160995       -0.0111584946       -0.2319221806       -0.0066152437       -0.2542432122       -0.0067734603       -0.0009030254       -0.0008375606       -0.0003758375       -0.0004017617       -0.0008465712       -0.0016658682       -0.0007953769       -0.0013280851
  58   1.406   0.303  -0.048       -0.4564862560       -0.0284779925       -0.6460241183       -0.0372559470       -0.3562950972       -0.0167591637       -0.2681605849       -0.0096415799       -0.1690906890       -0.0053511244       -0.3124809700       -0.0103062312       -0.2223408092       -0.0065194486       -0.2473958188       -0.0068460036       -0.0007347320       -0.0007886629       -0.0004125488       -0.0005052321       -0.0007630050       -0.0014546983       -0.0007604988       -0.0013877599
  59   1.487   0.343  -0.028       -0.5591537471       -0.0478352716       -0.7097775145       -0.0461758918       -0.4048832099       -0.0217281800       -0.3186011216       -0.0123560306       -0.1757925634       -0.0056847323       -0.2753551047       -0.0091133683       -0.2111787409       -0.0063739304       -0.2318931781       -0.0067400440       -0.0007239716       -0.0007372033       -0.0004529008       -0.0006332467       -0.0007456484       -0.0012430080       -0.0007071126       -0.0013067616
   5  -2.877  -1.838  -1.119       -0.1656550882       -0.0082884712       -0.3803450446       -0.0223685111       -0.3248876316       -0.0150839877       -0.1354696685       -0.0055649473       -0.1450045085       -0.0041197947       -0.2571954838       -0.0077699983       -0.2784159134       -0.0079318581       -0.1182671473       -0.0029525728       -0.0009149641       -0.0004500749       -0.0003539421       -0.0002470576       -0.0008006378       -0.0005467358       -0.0006329221       -0.0005355649
  60   1.568   0.384  -0.008       -0.7289822343       -0.0910552119       -0.7580538000       -0.0608883974       -0.4638731784       -0.0303077098       -0.3916332782       -0.0171954047       -0.1900510313       -0.0062997318       -0.2305006487       -0.0075804772       -0.2068670901       -0.0063947450       -0.2097911457       -0.0063769921       -0.0008289771       -0.0006835728       -0.0005009970       -0.0007297676       -0.0007501512       -0.0010787195       -0.0006626737       -0.0011173273
  61   1.648   0.424   0.012       -0.9630717883       -0.1688501308       -0.7589311896       -0.0822786933       -0.5180752942       -0.0417267019       -0.4807057731       -0.0250688229       -0.2090110002       -0.0070654004       -0.1743569914       -0.0056121541       -0.2226556325       -0.0070289163       -0.1884668193       -0.0059020483       -0.0009655744       -0.0006146330       -0.0006129438       -0.0007279415       -0.0007293985       -0.0009406052       -0.0006970595       -0.0009239077
  62   1.729   0.465   0.032       -1.1593893773       -0.2581521146       -0.7390535007       -0.1055328841       -0.5259262345       -0.0435118639       -0.5736166660       -0.0364830920       -0.2226559430       -0.0075805674       -0.1547971667       -0.0048953185       -0.2196654466       -0.0069771850       -0.1731085219       -0.0055071332       -0.0010700678       -0.0005347690       -0.0008027566       -0.0006337751       -0.0006792111       -0.0007057218       -0.0009368350       -0.0007831865
  63   1.810   0.505   0.053       -1.2362347482       -0.2750264202       -0.6994053464       -0.1206935104       -0.5904428811       -0.0481830587       -0.5260205091       -0.0346426906       -0.2130981717       -0.0071598223       -0.1887318387       -0.0061272993       -0.1561453572       -0.0049144153       -0.2046775464       -0.0065031170       -0.0011152941       -0.0005161918       -0.0006155352       -0.0008587963       -0.0006202537       -0.0006450884       -0.0007748841       -0.0010276398
  64   1.891   0.545   0.073       -0.6644090075       -0.1052577355       -1.1182971618       -0.1995126114       -0.6822995897       -0.0544693822       -0.3767063660       -0.0200305960       -0.1630379616       -0.0051647903       -0.2511788098       -0.0084335347       -0.1498768237       -0.0048260112       -0.2063881107       -0.0063909943       -0.0004829439       -0.0010827403       -0.0003283850       -0.0011895402       -0.0005857995       -0.0006344310       -0.0006224849       -0.0013585841
  65   1.972   0.586   0.093       -0.5431446096       -0.0631382872       -0.9624133864       -0.1119570845       -0.6330154513       -0.0430659385       -0.2983385542       -0.0129837167       -0.1783246274       -0.0056821742       -0.2275231777       -0.0074566048       -0.1791595162       -0.0058740687       -0.2092185065       -0.0062718113       -0.0004183873       -0.0009158027       -0.0003406217       -0.0012334393       -0.0005823649       -0.0006125889       -0.0006124513       -0.0017427767
  66   2.053   0.626   0.113       -0.4373145796       -0.0356543477       -0.8020551931       -0.0665274095       -0.5324200834       -0.0302156246       -0.2389514316       -0.0089570702       -0.1880880188       -0.0059926013       -0.2111971827       -0.0067676449       -0.2188042798       -0.0071417342       -0.2144859988       -0.0061299491       -0.0003123360       -0.0007194783       -0.0004133697       -0.0010804613       -0.0005668372       -0.0006218447       -0.0006725864       -0.0022419187
  67   2.133   0.667   0.133       -0.3638592217       -0.0231943128       -0.6775090971       -0.0453196821       -0.4271197924       -0.0209522752       -0.1994404318       -0.0068624606       -0.1921776455       -0.0060876741       -0.2099570764       -0.0066260187       -0.2589599754       -0.0082708303       -0.2158708300       -0.0058234754       -0.0002170343       -0.0005775362       -0.0004463385       -0.0007980319       -0.0005563967       -0.0006630747       -0.0007899203       -0.0026452050
  68   2.214   0.707   0.154       -0.3170807889       -0.0172953564       -0.5917971800       -0.0346062908       -0.3438913547       -0.0152652511       -0.1779595432       -0.0059084123       -0.1940340969       -0.0061033070       -0.2157713281       -0.0067347372       -0.2927309034       -0.0090749845       -0.2111318426       -0.0054103790       -0.0002147915       -0.0004910842       -0.0004359032       -0.0005395026       -0.0005802038       -0.0007257155       -0.0009347026       -0.0026531778
  69   2.295   0.747   0.174       -0.2896356808       -0.0143550179       -0.5422305688       -0.0294198460       -0.2921989332       -0.0122586225       -0.1680952729       -0.0055283525       -0.1947417061       -0.0060905451       -0.2213977249       -0.0068603194       -0.3151574858       -0.0095255602       -0.2033343173       -0.0050468017       -0.0003687777       -0.0004484532       -0.0004181332       -0.0003688733       -0.0006766773       -0.0007926850       -0.0010683978       -0.0022376499
   6  -2.796  -1.798  -1.099       -0.1634303818       -0.0079927082       -0.3657792035       -0.0209394188       -0.3032996745       -0.0137844820       -0.1433209434       -0.0058362792       -0.1427310090       -0.0040610828       -0.2600549890       -0.0078295331       -0.2771974514       -0.0078422382       -0.1185926492       -0.0029435690       -0.0007000588       -0.0004207781       -0.0003308897       -0.0002871385       -0.0006843081       -0.0005717055       -0.0006182915       -0.0006220682
  70   2.376   0.788   0.194       -0.2765974859       -0.0130513858       -0.5261562740       -0.0278540274       -0.2683753302       -0.0110396048       -0.1642645191       -0.0054155861       -0.1942892983       -0.0060592353       -0.2221413221       -0.0068731368       -0.3297351786       -0.0098560000       -0.1946946598       -0.0047821256       -0.0006864834       -0.0004465474       -0.0004191817       -0.0002727291       -0.0008600268       -0.0008450432       -0.0011832788       -0.0016861066
  71   2.457   0.828   0.214       -0.2741275983       -0.0128006838       -0.5391173028       -0.0290657995       -0.2658161916       -0.0110396625       -0.1633838048       -0.0054345687       -0.1923879187       -0.0060027011       -0.2170374898       -0.0067499376       -0.3421022597       -0.0102752516       -0.1845876603       -0.0045582037       -0.0011161113       -0.0004858956       -0.0004500217       -0.0002293514       -0.0010843729       -0.0008735565       -0.0012996763       -0.0012973252
  72   2.537   0.869   0.234       -0.2782439373       -0.0132763924       -0.5735681619       -0.0326275073       -0.2796591888       -0.0119768139       -0.1636855770       -0.0055185948       -0.1888323048       -0.0059062521       -0.2082741626       -0.0065411294       -0.3535174008       -0.0107841522       -0.1724469726       -0.0043178203       -0.0015693390       -0.0005616136       -0.0005110444       -0.0002255235       -0.0012644476       -0.0008852285       -0.0014174952       -0.0011454363
  73   2.618   0.909   0.255       -0.2838677705       -0.0141403691       -0.6189591019       -0.0380849293       -0.3039237427       -0.0135515692       -0.1639900001       -0.0056269204       -0.1839331593       -0.0057623696       -0.1993849627       -0.0063327504       -0.3615016530       -0.0112258128       -0.1602017468       -0.0040795705       -0.0019600347       -0.0006503855       -0.0005867775       -0.0002500627       -0.0013394131       -0.0009025089       -0.0015047579       -0.0011398749
  74   2.699   0.949   0.275       -0.2822562116       -0.0145133201       -0.6644590774       -0.0446220086       -0.3277646637       -0.0151187217       -0.1636610564       -0.0057362538       -0.1787988861       -0.0055900024       -0.1928153368       -0.0061863642       -0.3651961711       -0.0114841357       -0.1502980697       -0.0038874141       -0.0022724984       -0.0006768127       -0.0006478985       -0.0002831326       -0.0012997313       -0.0009561393       -0.0015476032       -0.0011687827
  75   2.780   0.990   0.295       -0.2793497093       -0.0138537924       -0.6834737398       -0.0494683366       -0.3380535416       -0.0157601701       -0.1625052835       -0.0058272831       -0.1757929189       -0.0054689774       -0.1882204621       -0.0060728350       -0.3669659750       -0.0115728638       -0.1434268197       -0.0037467424       -0.0025791315       -0.0005173900       -0.0006678539       -0.0002975901       -0.0012035977       -0.0010302670       -0.0015625478       -0.0011646282
  76   2.861   1.030   0.315       -0.3658623704       -0.0205478633       -0.5728483807       -0.0411104378       -0.3277458442       -0.0149467025       -0.1604135672       -0.0058673761       -0.1839351123       -0.0059279713       -0.1773462997       -0.0054887674       -0.3686296012       -0.0115263447       -0.1390972460       -0.0036407049       -0.0023352470       -0.0007010005       -0.0006375314       -0.0002782312       -0.0012264794       -0.0009732451       -0.0015660784       -0.0011016616
  77   2.941   1.071   0.335       -0.3774966963       -0.0214948972       -0.5025952807       -0.0336331628       -0.3012815284       -0.0130760184       -0.1572509386       -0.0058223683       -0.1793598613       -0.0057258956       -0.1840314486       -0.0056843276       -0.3687319020       -0.0113075437       -0.1368118260       -0.0035626453       -0.0019905437       -0.0007873557       -0.0005668608       -0.0002362426       -0.0012569293       -0.0008891024       -0.0015547225       -0.0009791240
  78   3.022   1.111   0.356       -0.3434212289       -0.0187536872       -0.4631634696       -0.0287102866       -0.2710269552       -0.0110847419       -0.1531304467       -0.0056900093       -0.1753091722       -0.0055285734       -0.1939854223       -0.0059761969       -0.3639385638       -0.0108645316       -0.1360321045       -0.0035086087       -0.0016486538       -0.0007087211       -0.0004803074       -0.0001998076       -0.0011831690       -0.0008570904       -0.0015104323       -0.0008310236
  79   3.103   1.152   0.376       -0.3069782942       -0.0161599170       -0.4318837449       -0.0251858433       -0.2483738485       -0.0096725959       -0.1487091379       -0.0055165115       -0.1716434389       -0.0053539322       -0.2048209961       -0.0062882048       -0.3531871466       -0.0102625837       -0.1355204390       -0.0034540663       -0.0012388304       -0.0006071927       -0.0004062404       -0.0001909680       -0.0010074400       -0.0008448410       -0.0014244072       -0.0007455753
   7  -2.715  -1.758  -1.079       -0.1664541444       -0.0082099475       -0.3714039598       -0.0215718640       -0.3025130885       -0.0138510189       -0.1498443594       -0.0061381770       -0.1416767672       -0.0040712804       -0.2568644138       -0.0077560063       -0.2716150907       -0.0077310141       -0.1205387838       -0.0030179637       -0.0005132795       -0.0003918229       -0.0003278604       -0.0003394480       -0.0005635697       -0.0005728676       -0.0005949228       -0.0007493477
  80   3.184   1.192   0.396       -0.2818316419       -0.0147097015       -0.4102656101       -0.0232001399       -0.2386964991       -0.0090654947       -0.1449881240       -0.0053754230       -0.1681157119       -0.0052066867       -0.2133281319       -0.0065353867       -0.3390872719       -0.0096811954       -0.1340917004       -0.0033803041       -0.0008162747       -0.0005250534       -0.0003643957       -0.0002176387       -0.0007773513       -0.0008249252       -0.0013181068       -0.0008431956
  81   3.265   1.232   0.416       -0.2726623634       -0.0146960652       -0.4028579065       -0.0229934902       -0.2439492973       -0.0093067712       -0.1427489787       -0.0053326736       -0.1647625249       -0.0050914079       -0.2168520285       -0.0066562766       -0.3238618412       -0.0092383995       -0.1324770346       -0.0033286231       -0.0004658935       -0.0004687496       -0.0003569678       -0.0002815106       -0.0005717221       -0.0007811663       -0.0011931259       -0.0011575007
  82   3.345   1.273   0.436       -0.2830272068       -0.0166052332       -0.4113302724       -0.0248864254       -0.2672711160       -0.0105981766       -0.1425558244       -0.0054502806       -0.1616620221       -0.0050062274       -0.2149319199       -0.0066425646       -0.3061757829       -0.0088806166       -0.1326519663       -0.0033748064       -0.0002524463       -0.0004348256       -0.0003780678       -0.0003886493       -0.0004522290       -0.0007155613       -0.0010327037       -0.0015219244
  83   3.426   1.313   0.457       -0.3197861969       -0.0219843720       -0.4329308730       -0.0295267252       -0.3131500034       -0.0134532711       -0.1456291454       -0.0058469555       -0.1587467434       -0.0049414517       -0.2096562587       -0.0065427405       -0.2831041730       -0.0084357125       -0.1353422715       -0.0035512437       -0.0001944696       -0.0004224209       -0.0004117607       -0.0005443411       -0.0004198658       -0.0006427273       -0.0008376927       -0.0016583885
  84   3.507   1.354   0.477       -0.3961302157       -0.0368890711       -0.4604070931       -0.0387056374       -0.3806865611       -0.0186033274       -0.1550841084       -0.0068073815       -0.1560934073       -0.0048939566       -0.2042675568       -0.0064369432       -0.2558584878       -0.0078155383       -0.1390499230       -0.0038035371       -0.0002567949       -0.0004409100       -0.0004239795       -0.0007204151       -0.0004375160       -0.0005761095       -0.0006484992       -0.0014630055
  85   3.588   1.394   0.497       -0.5240405873       -0.0713096419       -0.4808394488       -0.0603267381       -0.4553730322       -0.0266516507       -0.1757949721       -0.0088891148       -0.1551425035       -0.0049103266       -0.2000759434       -0.0063542509       -0.2309134563       -0.0071488847       -0.1411519258       -0.0040126448       -0.0003701878       -0.0005062660       -0.0003856967       -0.0008212161       -0.0004716965       -0.0005185957       -0.0005125555       -0.0011059719
  86   3.669   1.434   0.517       -0.7009663294       -0.1381202336       -0.4824215904       -0.0857501368       -0.4993508587       -0.0364374157       -0.2120173074       -0.0129325007       -0.1631494390       -0.0052365290       -0.1912326805       -0.0060905663       -0.2126500066       -0.0065843978       -0.1402459795       -0.0040948214       -0.0004681416       -0.0006081345       -0.0003256127       -0.0007725657       -0.0005045289       -0.0004634738       -0.0004527322       -0.0007976073
  87   3.749   1.475   0.537       -0.9162796551       -0.2372915010       -0.4114241237       -0.0764738832       -0.4585642372       -0.0398357893       -0.2694871909       -0.0197767149       -0.2156353827       -0.0071139095       -0.1416873315       -0.0043481558       -0.2040997627       -0.0062848537       -0.1343509478       -0.0039731757       -0.0005267826       -0.0006673440       -0.0003412017       -0.0006025471       -0.0005173477       -0.0004115721       -0.0004758021       -0.0005904655
  88   3.830   1.515   0.558       -0.4965020062       -0.1098235834       -0.8789175783       -0.2011911248       -0.3346568043       -0.0333974140       -0.3589432797       -0.0270118129       -0.2239056998       -0.0073265403       -0.1377947375       -0.0042154583       -0.1771911702       -0.0054392262       -0.1529413016       -0.0045706937       -0.0006585413       -0.0005428812       -0.0004387070       -0.0004020628       -0.0004437000       -0.0004649250       -0.0004998729       -0.0005017375
  89   3.911   1.556   0.578       -0.4234596469       -0.0740964118       -0.8216506874       -0.1278825786       -0.3885114589       -0.0400328621       -0.2798333881       -0.0182304923       -0.2152552765       -0.0069519510       -0.1487306705       -0.0044562628       -0.1617442524       -0.0050475827       -0.1692919823       -0.0050365601       -0.0005963692       -0.0005184161       -0.0003189920       -0.0004858943       -0.0004432613       -0.0004689397       -0.0004197497       -0.0005971973
   8  -2.634  -1.717  -1.059       -0.1776253926       -0.0091640451       -0.3992436753       -0.0247189497       -0.3240181045       -0.0155018756       -0.1570303386       -0.0066024210       -0.1426712810       -0.0041739184       -0.2466428004       -0.0075117214       -0.2611682442       -0.0075755333       -0.1238610483       -0.0031773938       -0.0003901985       -0.0003631790       -0.0003404004       -0.0004090109       -0.0004796122       -0.0005533666       -0.0005569276       -0.0008519243
  90   3.992   1.596   0.598       -0.3243515987       -0.0393425671       -0.6437408742       -0.0697934000       -0.4591700878       -0.0358954437       -0.2165605165       -0.0119028932       -0.2071072654       -0.0065737016       -0.1578350617       -0.0046843755       -0.1729809389       -0.0054199810       -0.1677403170       -0.0048728744       -0.0004962085       -0.0004015859       -0.0003438496       -0.0005316735       -0.0004658064       -0.0004097980       -0.0004581373       -0.0007110611
  91   4.073   1.636   0.618       -0.2419256701       -0.0199182590       -0.5287007151       -0.0437813742       -0.4382820039       -0.0267131255       -0.1790737808       -0.0086081691       -0.1951096566       -0.0060494442       -0.1764079346       -0.0052995913       -0.1900264709       -0.0058358737       -0.1623712178       -0.0045524313       -0.0003851209       -0.0003338727       -0.0003803184       -0.0005058013       -0.0004836490       -0.0004018749       -0.0005157176       -0.0008378801
  92   4.154   1.677   0.638       -0.1918744809       -0.0116273262       -0.4564791962       -0.0313116490       -0.3830463663       -0.0199413899       -0.1606258241       -0.0070622788       -0.1841714304       -0.0055755696       -0.1978753156       -0.0059647667       -0.2113158662       -0.0063240197       -0.1542378362       -0.0041478889       -0.0003188074       -0.0003350171       -0.0003746097       -0.0004321832       -0.0005060415       -0.0004402105       -0.0005846060       -0.0009155546
  93   4.234   1.717   0.659       -0.1665557882       -0.0089417935       -0.4057989536       -0.0246063420       -0.3367795026       -0.0159874526       -0.1525886188       -0.0063754114       -0.1769415637       -0.0052531450       -0.2166653194       -0.0065037123       -0.2310845699       -0.0067270687       -0.1460274349       -0.0037817605       -0.0003442851       -0.0003571888       -0.0003527308       -0.0003587472       -0.0005615706       -0.0004945832       -0.0006507304       -0.0008785962
  94   4.315   1.758   0.679       -0.1556206442       -0.0079696649       -0.3767648997       -0.0213919164       -0.3126102496       -0.0142225231       -0.1478996040       -0.0060409964       -0.1730152844       -0.0050710245       -0.2295984998       -0.0068542077       -0.2444883257       -0.0069680226       -0.1399229797       -0.0035347155       -0.0004690074       -0.0003826937       -0.0003364588       -0.0003051227       -0.0006635645       -0.0005432749       -0.0006941377       -0.0007448829
  95   4.396   1.798   0.699       -0.1527036492       -0.0077561960       -0.3700345236       -0.0206635016       -0.3122090256       -0.0141376721       -0.1426036208       -0.0058091780       -0.1715672067       -0.0050036210       -0.2353286904       -0.0070137731       -0.2517869602       -0.0071175674       -0.1359247575       -0.0034039658       -0.0006660383       -0.0004105824       -0.0003371189       -0.0002671105       -0.0007917411       -0.0005734982       -0.0007133120       -0.0006001879
  96   4.477   1.838   0.719       -0.1548702532       -0.0080530569       -0.3832858516       -0.0219097843       -0.3336608094       -0.0154783863       -0.1350274452       -0.0055632794       -0.1714580583       -0.0050115942       -0.2347925383       -0.0070231189       -0.2544928526       -0.0072275738       -0.1335581970       -0.0033650613       -0.0008941515       -0.0004389264       -0.0003583323       -0.0002379509       -0.0008967771       -0.0005818532       -0.0007125395       -0.0005119711
  97   4.558   1.879   0.739       -0.1608633526       -0.0088496756       -0.4109952002       -0.0247611263       -0.3728197385       -0.0180851362       -0.1254613657       -0.0052758046       -0.1711343979       -0.0050336179       -0.2308311328       -0.0069528028       -0.2530686674       -0.0072708141       -0.1330224205       -0.0034079857       -0.0011138486       -0.0004586153       -0.0003980110       -0.0002159321       -0.0009452259       -0.0005732842       -0.0006898714       -0.0004917243
  98   4.638   1.919   0.760       -0.1707652962       -0.0103430007       -0.4430734247       -0.0284674891       -0.4204714143       -0.0215330217       -0.1161107505       -0.0050023492       -0.1689694502       -0.0049968409       -0.2273508021       -0.0068999684       -0.2491702794       -0.0072391907       -0.1340859425       -0.0035074913       -0.0012980228       -0.0004530473       -0.0004465665       -0.0002021276       -0.0009412165       -0.0005571986       -0.0006507404       -0.0005087776
  99   4.719   1.960   0.780       -0.1890314837       -0.0131786015       -0.4614002984       -0.0309902996       -0.4621077235       -0.0248219959       -0.1098156205       -0.0048340253       -0.1639270757       -0.0048466759       -0.2276480652       -0.0069504809       -0.2466971822       -0.0072100947       -0.1353058060       -0.0036006885       -0.0014305484       -0.0004151217       -0.0004915054       -0.0001955000       -0.0009060051       -0.0005478198       -0.0006153756       -0.0005285824
   9  -2.554  -1.677  -1.038       -0.2029730792       -0.0116233009       -0.4489883772       -0.0314242761       -0.3663668449       -0.0191908113       -0.1686705707       -0.0074888396       -0.1466799856       -0.0043953301       -0.2298076011       -0.0070676620       -0.2458333770       -0.0073124012       -0.1283799076       -0.0034171386       -0.0003526761       -0.0003363966       -0.0003574686       -0.0004961037       -0.0004441136       -0.0005261643       -0.0005061905       -0.0008572436
