 100   4.800   2.000   0.800       -0.3913248591       -0.1369982055       -0.3029523653       -0.0317116653       -0.4811987426       -0.0488529334       -0.2778947576       -0.0167848601       -0.2172090004       -0.0073993393       -0.2078013889       -0.0066015882       -0.1893941280       -0.0057256166       -0.1726131951       -0.0048363910       -0.0009860309       -0.0007529418       -0.0004951663       -0.0003924923       -0.0006638843       -0.0005995610       -0.0006784471       -0.0006077626
  10  -2.473  -1.636  -1.018       -0.4173606257       -0.3157873393       -0.3870639851       -0.0400936569       -0.5297304828       -0.0821490507       -0.2780320615       -0.0185130075       -0.2034293668       -0.0067238199       -0.1897999068       -0.0065290453       -0.1877350192       -0.0059002563       -0.1613954470       -0.0045958514       -0.0003557939       -0.0003990509       -0.0003324049       -0.0005636069       -0.0004409551       -0.0006062270       -0.0005036547       -0.0006623723
  11  -2.392  -1.596  -0.998       -0.3386524742       -0.4473308311       -0.5115886881       -0.1249815003       -0.5855039368       -0.1343965199       -0.3185460612       -0.0289210510       -0.1970039605       -0.0065798293       -0.1813488949       -0.0063231004       -0.1835624772       -0.0058234507       -0.1595322204       -0.0046804912       -0.0004168445       -0.0004358217       -0.0003297340       -0.0005917253       -0.0004381614       -0.0005287376       -0.0004992890       -0.0005744858
  12  -2.311  -1.556  -0.978       -0.2807213546       -0.5044621048       -0.5924678564       -0.3484608202       -0.5513191460       -0.1515907164       -0.3976141165       -0.0670550664       -0.1959122131       -0.0065955817       -0.1728132022       -0.0060510398       -0.1839855682       -0.0058804031       -0.1551992106       -0.0046378251       -0.0004889709       -0.0004487808       -0.0003715468       -0.0005554542       -0.0004427953       -0.0004682864       -0.0005027803       -0.0005130660
  13  -2.230  -1.515  -0.958       -0.2766831872       -0.4154899275       -0.5719162693       -0.6694866043       -0.3669015307       -0.0656303259       -0.5513747473       -0.1456375055       -0.2037250473       -0.0069448697       -0.1607184686       -0.0055877173       -0.1930914132       -0.0061816579       -0.1445281761       -0.0043564786       -0.0005440501       -0.0004455231       -0.0004644840       -0.0004725007       -0.0004249992       -0.0004661944       -0.0004871301       -0.0005048406
  14  -2.149  -1.475  -0.937       -0.3507813584       -0.2928739320       -0.5705409347       -0.8724623295       -0.3598886958       -0.0517248517       -0.4932136788       -0.0942384034       -0.1894584536       -0.0065940200       -0.1757087191       -0.0059717763       -0.1758312690       -0.0054944533       -0.1626428447       -0.0050725475       -0.0004741604       -0.0005344072       -0.0004196604       -0.0005370944       -0.0003811927       -0.0005283685       -0.0004341910       -0.0005680593
  15  -2.069  -1.434  -0.917       -0.3713045906       -0.3292830282       -0.7397047408       -0.6965453378       -0.4061680864       -0.0457676110       -0.3507373382       -0.0352838538       -0.1867944845       -0.0065447647       -0.1840460040       -0.0062056225       -0.1718529592       -0.0053380687       -0.1700852782       -0.0052737927       -0.0004053099       -0.0005766749       -0.0003486986       -0.0006274297       -0.0003658806       -0.0006101420       -0.0004132101       -0.0006437139
  16  -1.988  -1.394  -0.897       -0.4133607867       -0.3128420680       -0.7890555538       -0.3386435454       -0.3787416955       -0.0267120935       -0.2798443358       -0.0190759055       -0.1907895599       -0.0067464632       -0.1908318450       -0.0063479247       -0.1730963540       -0.0053483539       -0.1749739610       -0.0053232187       -0.0003362943       -0.0005540017       -0.0003278000       -0.0006404203       -0.0003590266       -0.0007376463       -0.0003997785       -0.0007746715
  17  -1.907  -1.354  -0.877       -0.4498851362       -0.2030119012       -0.6114448540       -0.1345847945       -0.3259039238       -0.0174312111       -0.2501587695       -0.0132465625       -0.1997437828       -0.0071575331       -0.1987340698       -0.0064711738       -0.1776269743       -0.0054521201       -0.1785808012       -0.0052745111       -0.0002685669       -0.0004927074       -0.0003323763       -0.0005730375       -0.0003649696       -0.0008610707       -0.0003957997       -0.0009550400
  18  -1.826  -1.313  -0.857       -0.3998361099       -0.0940563927       -0.4870221018       -0.0600930407       -0.2832518812       -0.0135718452       -0.2323686707       -0.0104438752       -0.2119992011       -0.0076811922       -0.2099036769       -0.0066567388       -0.1859058412       -0.0056650740       -0.1802101552       -0.0051370462       -0.0002318818       -0.0004329103       -0.0003285036       -0.0004866967       -0.0003944584       -0.0008975625       -0.0004114912       -0.0010875573
  19  -1.745  -1.273  -0.836       -0.3533222593       -0.0593055987       -0.3959491507       -0.0362181445       -0.2727798900       -0.0131814946       -0.2157912207       -0.0088249907       -0.2227522622       -0.0080683377       -0.2200400267       -0.0068011274       -0.1982831767       -0.0060072844       -0.1817600937       -0.0050277425       -0.0002602225       -0.0003861881       -0.0003395537       -0.0004113101       -0.0004554505       -0.0008499357       -0.0004624495       -0.0010462342
   1  -3.200  -2.000  -1.200       -0.3975864402       -0.1434137874       -0.3106877268       -0.0370812333       -0.4793765020       -0.0488141429       -0.2775481928       -0.0168660550       -0.2173754533       -0.0074546833       -0.2108907865       -0.0067805560       -0.1889318866       -0.0056928607       -0.1750727738       -0.0049330614       -0.0010052597       -0.0007541433       -0.0004911262       -0.0003736021       -0.0006598745       -0.0006296373       -0.0006345797       -0.0006122495
  20  -1.665  -1.232  -0.816       -0.3433274822       -0.0479376655       -0.3427544920       -0.0272587976       -0.2833532565       -0.0143028036       -0.2057650501       -0.0080959114       -0.2290768946       -0.0082265314       -0.2245240333       -0.0068171632       -0.2118862093       -0.0064215705       -0.1857491423       -0.0050612229       -0.0003671011       -0.0003575435       -0.0003951113       -0.0003563768       -0.0005435927       -0.0007683579       -0.0005477882       -0.0008673333
  21  -1.584  -1.192  -0.796       -0.3591053461       -0.0481633442       -0.3287158086       -0.0249947196       -0.2962148679       -0.0155086238       -0.2036148467       -0.0079923438       -0.2321360200       -0.0082792177       -0.2288236789       -0.0069134960       -0.2196961131       -0.0067351557       -0.1918618641       -0.0052341172       -0.0005381714       -0.0003692593       -0.0004865421       -0.0003324145       -0.0006443165       -0.0007172699       -0.0006370565       -0.0007171257
  22  -1.503  -1.152  -0.776       -0.3972718896       -0.0665962036       -0.3511134215       -0.0274517807       -0.3040421210       -0.0165939032       -0.2087275255       -0.0083627281       -0.2326902351       -0.0082809475       -0.2377294470       -0.0072618022       -0.2182824350       -0.0068288091       -0.1978433514       -0.0054676983       -0.0007399105       -0.0004536944       -0.0005731005       -0.0003433637       -0.0007328231       -0.0007339870       -0.0007065464       -0.0006924028
  23  -1.422  -1.111  -0.756       -0.4421847810       -0.1009123746       -0.3984857691       -0.0333846794       -0.3097032560       -0.0182815611       -0.2207022280       -0.0091585941       -0.2307411537       -0.0082112471       -0.2477547809       -0.0077509060       -0.2117458330       -0.0067643426       -0.2019767787       -0.0056845046       -0.0009299169       -0.0006273755       -0.0006138668       -0.0003839520       -0.0007889111       -0.0007984673       -0.0007515459       -0.0007646946
  24  -1.341  -1.071  -0.735       -0.4847331690       -0.1373289906       -0.4472597032       -0.0406813179       -0.3250515937       -0.0219902795       -0.2363788177       -0.0101880265       -0.2272814490       -0.0080823951       -0.2542499057       -0.0081584550       -0.2057465172       -0.0066820642       -0.2041702967       -0.0058447262       -0.0010731319       -0.0008344765       -0.0006235087       -0.0004372206       -0.0008132958       -0.0008704773       -0.0007796671       -0.0008642124
  25  -1.261  -1.030  -0.715       -0.5184282375       -0.1654491746       -0.4791608074       -0.0460323367       -0.3488409877       -0.0273082193       -0.2495942709       -0.0110515762       -0.2248079836       -0.0079741960       -0.2573940989       -0.0083948777       -0.2030267893       -0.0066685399       -0.2053979323       -0.0059425659       -0.0011585812       -0.0009847648       -0.0006328040       -0.0004785577       -0.0008219828       -0.0009245841       -0.0008007966       -0.0009455047
  26  -1.180  -0.990  -0.695       -0.5278940285       -0.1751517305       -0.4876395523       -0.0446065338       -0.3655070636       -0.0310310684       -0.2557640459       -0.0114189762       -0.2254103217       -0.0079544567       -0.2595491210       -0.0084830506       -0.2044541506       -0.0067613247       -0.2067681647       -0.0059893338       -0.0011936996       -0.0010258656       -0.0006400805       -0.0004892426       -0.0008327805       -0.0009539930       -0.0008261265       -0.0009981428
  27  -1.099  -0.949  -0.675       -0.5096642807       -0.1601557694       -0.4709242507       -0.0367704692       -0.3681427908       -0.0309766064       -0.2537861819       -0.0112289221       -0.2295522453       -0.0080316244       -0.2614060319       -0.0084301504       -0.2105950467       -0.0069894613       -0.2089661443       -0.0059994282       -0.0011803066       -0.0009423811       -0.0006432966       -0.0004640436       -0.0008487222       -0.0009540047       -0.0008590162       -0.0010218327
  28  -1.018  -0.909  -0.655       -0.4817594319       -0.1328301393       -0.4299704066       -0.0279286868       -0.3674258985       -0.0289718433       -0.2459499410       -0.0106777860       -0.2359582936       -0.0081611976       -0.2608218491       -0.0081810018       -0.2219412597       -0.0073785396       -0.2120412957       -0.0059840572       -0.0011059690       -0.0007556418       -0.0006524149       -0.0004143578       -0.0008558700       -0.0009191340       -0.0008937648       -0.0010183939
  29  -0.937  -0.869  -0.634       -0.4544241728       -0.0987368161       -0.3770624760       -0.0210771827       -0.3733082615       -0.0271409021       -0.2378069361       -0.0101092308       -0.2421883517       -0.0082783797       -0.2551523242       -0.0077116494       -0.2375655652       -0.0079010084       -0.2153832265       -0.0059515115       -0.0009610658       -0.0005402918       -0.0006516238       -0.0003650116       -0.0008314134       -0.0008566507       -0.0009154981       -0.0010076141
   2  -3.119  -1.960  -1.180       -0.3834471910       -0.1335959735       -0.2954466940       -0.0278548451       -0.4658476579       -0.0463469855       -0.2722112258       -0.0161485642       -0.2185067992       -0.0074188240       -0.2108156062       -0.0067845203       -0.1910360903       -0.0057835446       -0.1724083180       -0.0048138855       -0.0009981831       -0.0007341830       -0.0004890439       -0.0003726110       -0.0006615682       -0.0006133641       -0.0006409642       -0.0005976388
  30  -0.857  -0.828  -0.614       -0.4279661014       -0.0689650781       -0.3393907859       -0.0174486837       -0.3784949629       -0.0257842963       -0.2343385498       -0.0097949858       -0.2466575943       -0.0083634656       -0.2467500005       -0.0072104666       -0.2523031310       -0.0083852263       -0.2180261365       -0.0059142723       -0.0007624339       -0.0003957104       -0.0005964475       -0.0003408522       -0.0007660321       -0.0008096793       -0.0009035321       -0.0010465279
  31  -0.776  -0.788  -0.594       -0.4153621231       -0.0619602927       -0.3364708926       -0.0172992726       -0.3794254485       -0.0253076308       -0.2374303863       -0.0098530684       -0.2493547842       -0.0084423747       -0.2429563471       -0.0070077186       -0.2573618094       -0.0085594274       -0.2195238182       -0.0059047024       -0.0005516537       -0.0003475587       -0.0005009043       -0.0003573251       -0.0006772985       -0.0008377404       -0.0008415205       -0.0011965121
  32  -0.695  -0.747  -0.574       -0.4270795594       -0.0754911733       -0.3753033407       -0.0212919834       -0.3844842063       -0.0265126425       -0.2488115366       -0.0104006757       -0.2499787411       -0.0085157954       -0.2454253639       -0.0071823770       -0.2487388943       -0.0083145323       -0.2201538394       -0.0059707944       -0.0003770324       -0.0003685999       -0.0004223384       -0.0004221449       -0.0005963535       -0.0009445806       -0.0007371596       -0.0014218364
  33  -0.614  -0.707  -0.554       -0.4707951454       -0.1068547000       -0.4574362489       -0.0326213249       -0.4128188431       -0.0312058915       -0.2716421177       -0.0116523409       -0.2458390573       -0.0084734205       -0.2456340976       -0.0074250106       -0.2326972288       -0.0078396606       -0.2190910584       -0.0061109637       -0.0002785516       -0.0004343128       -0.0003993317       -0.0005356364       -0.0005401525       -0.0010544484       -0.0006365961       -0.0015421316
  34  -0.533  -0.667  -0.533       -0.5558717613       -0.2036809693       -0.5763540926       -0.0689811314       -0.4986811308       -0.0455350459       -0.3051315772       -0.0137576862       -0.2351550808       -0.0081918285       -0.2378129537       -0.0074635543       -0.2180013367       -0.0074065713       -0.2133130704       -0.0062040193       -0.0002707263       -0.0005356503       -0.0004203782       -0.0006910075       -0.0005079113       -0.0010803968       -0.0005770217       -0.0014068538
  35  -0.453  -0.626  -0.513       -0.5445560021       -0.3889136135       -0.7100632456       -0.1491842459       -0.6587903507       -0.0911960092       -0.3494123532       -0.0172210916       -0.2231528864       -0.0078123783       -0.2244008256       -0.0073186720       -0.2080876095       -0.0071262215       -0.2018359182       -0.0061112855       -0.0003326764       -0.0006670918       -0.0004288350       -0.0008712202       -0.0004955629       -0.0009627891       -0.0005528293       -0.0011054587
  36  -0.372  -0.586  -0.493       -0.4811416576       -0.4902462917       -0.7925966383       -0.3739977227       -0.8343787511       -0.1866855808       -0.4176965049       -0.0243167534       -0.2154269477       -0.0075452313       -0.2082364961       -0.0070053062       -0.2033752231       -0.0070156503       -0.1885569097       -0.0058593593       -0.0004290030       -0.0007781040       -0.0004243891       -0.0009866271       -0.0004973460       -0.0007635039       -0.0005493468       -0.0008336337
  37  -0.291  -0.545  -0.473       -0.5007064998       -0.5858936654       -0.7036284509       -0.5714182898       -0.9179640497       -0.3221030138       -0.5143291802       -0.0400413243       -0.2147057380       -0.0075013158       -0.1927118927       -0.0066015127       -0.2050147618       -0.0071304273       -0.1755251640       -0.0054928932       -0.0005530587       -0.0007786741       -0.0004857907       -0.0009486714       -0.0005115308       -0.0006040586       -0.0005617531       -0.0006598621
  38  -0.210  -0.505  -0.453       -0.5972393711       -0.7606884816       -0.4932648631       -0.5382941443       -0.8866431223       -0.3336022960       -0.6160588779       -0.0669015115       -0.2277538252       -0.0078872431       -0.1732653253       -0.0060232067       -0.2218852713       -0.0078464568       -0.1542122092       -0.0046776864       -0.0008229953       -0.0005481424       -0.0007197103       -0.0006955603       -0.0005440204       -0.0005105832       -0.0005972971       -0.0005596291
  39  -0.129  -0.465  -0.432       -0.5448261438       -0.7299749539       -0.5965365804       -0.5264246168       -0.7823879188       -0.2051773309       -0.7059180253       -0.1205481531       -0.2179309899       -0.0074707744       -0.1866419954       -0.0065408947       -0.2094637089       -0.0071618337       -0.1689544093       -0.0054267810       -0.0009264801       -0.0004379339       -0.0008561848       -0.0005158308       -0.0005212052       -0.0005456901       -0.0005763115       -0.0005915518
   3  -3.038  -1.919  -1.160       -0.3604507543       -0.1111851242       -0.2670522943       -0.0179271328       -0.4306314066       -0.0388367615       -0.2632680042       -0.0148695497       -0.2224240743       -0.0074637877       -0.2132441331       -0.0068081965       -0.1955023492       -0.0059270883       -0.1694834972       -0.0046513255       -0.0009489769       -0.0006412787       -0.0005109740       -0.0003666837       -0.0006734562       -0.0006061584       -0.0006543434       -0.0005823027
  40  -0.048  -0.424  -0.412       -0.5134643341       -0.6365773131       -0.8004570589       -0.4298521816       -0.7361453530       -0.1410931666       -0.6020965771       -0.0630615197       -0.2093463304       -0.0071925415       -0.2095691436       -0.0072417337       -0.1969253233       -0.0065697641       -0.1912834738       -0.0062667172       -0.0008204291       -0.0005192279       -0.0007107217       -0.0005832449       -0.0005138917       -0.0006337623       -0.0005663830       -0.0006839467
  41   0.032  -0.384  -0.392       -0.6151706385       -0.5143720356       -0.8341178692       -0.2225694188       -0.6239597311       -0.0828026886       -0.4829996299       -0.0320470282       -0.2139725149       -0.0073723764       -0.2300553978       -0.0077655030       -0.1974934629       -0.0065233628       -0.2090484898       -0.0067515155       -0.0007168040       -0.0005955443       -0.0005869100       -0.0005768170       -0.0005494885       -0.0007415480       -0.0005991152       -0.0008104497
  42   0.113  -0.343  -0.372       -0.6574504695       -0.2661969338       -0.7313011282       -0.1218506194       -0.5110639066       -0.0427071933       -0.4048369548       -0.0213051330       -0.2255066342       -0.0077953861       -0.2487509623       -0.0081052429       -0.2031623036       -0.0066576454       -0.2287377031       -0.0071580780       -0.0006437926       -0.0006423709       -0.0005030353       -0.0005166297       -0.0006222863       -0.0008368841       -0.0006681039       -0.0009633096
  43   0.194  -0.303  -0.352       -0.5472400700       -0.1127406101       -0.6082834821       -0.0600478752       -0.4469084926       -0.0293911925       -0.3607851053       -0.0166101264       -0.2401928643       -0.0083089724       -0.2619917692       -0.0082362533       -0.2110165319       -0.0068568890       -0.2459984404       -0.0073895941       -0.0006393059       -0.0006427613       -0.0004868653       -0.0004590863       -0.0007284565       -0.0008807476       -0.0007711668       -0.0010769465
  44   0.275  -0.263  -0.331       -0.4782227211       -0.0703743722       -0.4973200468       -0.0374293273       -0.4296333540       -0.0256869022       -0.3378235774       -0.0144362308       -0.2525366148       -0.0087083473       -0.2723310857       -0.0083555320       -0.2175650654       -0.0070112448       -0.2559083514       -0.0074178199       -0.0007262685       -0.0006177163       -0.0005504680       -0.0004317712       -0.0008564274       -0.0009003907       -0.0008910350       -0.0010924483
  45   0.356  -0.222  -0.311       -0.4585092290       -0.0580000391       -0.4426794592       -0.0300535284       -0.4310530226       -0.0250147479       -0.3298494713       -0.0136619835       -0.2590239580       -0.0089107669       -0.2798640465       -0.0084915132       -0.2201560308       -0.0070709333       -0.2589965569       -0.0073702273       -0.0008989947       -0.0006262371       -0.0006611626       -0.0004335438       -0.0009914346       -0.0009345304       -0.0009995638       -0.0010459169
  46   0.436  -0.182  -0.291       -0.4712985630       -0.0620920274       -0.4466760471       -0.0301823173       -0.4363042631       -0.0256553915       -0.3344721424       -0.0138610852       -0.2588814239       -0.0089278079       -0.2822797765       -0.0085572150       -0.2188495584       -0.0070760262       -0.2577726617       -0.0073462437       -0.0011324671       -0.0007302306       -0.0007535581       -0.0004547997       -0.0011065148       -0.0009794325       -0.0010887846       -0.0010198796
  47   0.517  -0.141  -0.271       -0.5046935263       -0.0845887758       -0.5065593795       -0.0370645583       -0.4363983913       -0.0269387536       -0.3486136597       -0.0147834056       -0.2529160892       -0.0087755316       -0.2794551875       -0.0085355552       -0.2151794823       -0.0070578997       -0.2535162695       -0.0073437739       -0.0013914605       -0.0009824574       -0.0007442172       -0.0004826928       -0.0011768297       -0.0010108053       -0.0011647580       -0.0010460202
  48   0.598  -0.101  -0.251       -0.5502465793       -0.1153110734       -0.6100634692       -0.0522226804       -0.4284059528       -0.0286020203       -0.3670100677       -0.0161302089       -0.2441441599       -0.0085263802       -0.2736523540       -0.0084750938       -0.2108166182       -0.0070182837       -0.2470760336       -0.0073166616       -0.0016327373       -0.0013686906       -0.0006036626       -0.0005052452       -0.0012059237       -0.0010277472       -0.0012227773       -0.0010986053
  49   0.679  -0.061  -0.230       -0.5974083908       -0.1533782147       -0.7163480350       -0.0768776233       -0.4254239137       -0.0316136560       -0.3833452068       -0.0174701493       -0.2366575284       -0.0083060630       -0.2676610067       -0.0084125749       -0.2073241818       -0.0069771527       -0.2403041309       -0.0072491899       -0.0018185135       -0.0017361603       -0.0004397261       -0.0005206396       -0.0012170506       -0.0010425777       -0.0012642929       -0.0011468407
   4  -2.958  -1.879  -1.139       -0.3350840750       -0.0857367381       -0.2395600870       -0.0126863165       -0.3900227694       -0.0315055634       -0.2521205709       -0.0135344252       -0.2269933284       -0.0075151334       -0.2161169031       -0.0067895105       -0.2022106742       -0.0061352127       -0.1662513206       -0.0044634210       -0.0008559614       -0.0005068362       -0.0005419699       -0.0003589708       -0.0006806155       -0.0006047187       -0.0006649190       -0.0005700630
  50   0.760  -0.020  -0.210       -0.6273163806       -0.1846762220       -0.7767666228       -0.0999124068       -0.4295761454       -0.0352479773       -0.3925203730       -0.0182993103       -0.2331488956       -0.0082034112       -0.2636823305       -0.0083615966       -0.2058672579       -0.0069663409       -0.2355966492       -0.0071708642       -0.0019288892       -0.0019474617       -0.0003523303       -0.0005304961       -0.0012317241       -0.0010603037       -0.0013008913       -0.0011832338
  51   0.840   0.020  -0.190       -0.6276882800       -0.1860440978       -0.7757284743       -0.0980434047       -0.4290768604       -0.0354167184       -0.3916401393       -0.0182395580       -0.2345711191       -0.0082482416       -0.2630102280       -0.0083294197       -0.2070979124       -0.0070088434       -0.2344915870       -0.0071157359       -0.0019567232       -0.0019616451       -0.0003583215       -0.0005334206       -0.0012613543       -0.0010780770       -0.0013420794       -0.0012076519
  52   0.921   0.061  -0.170       -0.5998647266       -0.1572971380       -0.7137866886       -0.0740270831       -0.4236252618       -0.0318435790       -0.3805265749       -0.0173074903       -0.2409241365       -0.0084399889       -0.2656677084       -0.0083160932       -0.2112544316       -0.0071147392       -0.2370227204       -0.0070899036       -0.0018992945       -0.0017747433       -0.0004604586       -0.0005320675       -0.0013041035       -0.0010947656       -0.0013865352       -0.0012182196
  53   1.002   0.101  -0.149       -0.5561995212       -0.1194616860       -0.6085859188       -0.0507367450       -0.4247867719       -0.0286001092       -0.3620574512       -0.0158989596       -0.2510326601       -0.0087410606       -0.2703091015       -0.0083120470       -0.2180548037       -0.0072757175       -0.2417672039       -0.0070698849       -0.0017537896       -0.0014175132       -0.0006436415       -0.0005305620       -0.0013427918       -0.0011081975       -0.0014193082       -0.0012053804
  54   1.083   0.141  -0.129       -0.5127812733       -0.0871440800       -0.5069807094       -0.0364756704       -0.4308782549       -0.0267128217       -0.3419099327       -0.0145180535       -0.2617510245       -0.0090521153       -0.2746630227       -0.0083062679       -0.2262895718       -0.0074578647       -0.2465076536       -0.0070324370       -0.0015324951       -0.0010312608       -0.0008012240       -0.0005279270       -0.0013493072       -0.0011152934       -0.0014190804       -0.0011738824
  55   1.164   0.182  -0.109       -0.4795024889       -0.0633420214       -0.4480901999       -0.0299292750       -0.4293449901       -0.0253176876       -0.3266526963       -0.0135716865       -0.2691049226       -0.0092589283       -0.2763255500       -0.0082822333       -0.2336106555       -0.0076130178       -0.2495005837       -0.0069898743       -0.0012698865       -0.0007795229       -0.0008153751       -0.0005236045       -0.0012982342       -0.0011076482       -0.0013760348       -0.0011600302
  56   1.244   0.222  -0.089       -0.4666434802       -0.0590688059       -0.4435779747       -0.0297938631       -0.4233789819       -0.0246612444       -0.3210438312       -0.0133104444       -0.2709689674       -0.0093222310       -0.2736490334       -0.0082122438       -0.2372326347       -0.0077050906       -0.2498302378       -0.0069769989       -0.0010106691       -0.0006799884       -0.0007159793       -0.0005286290       -0.0011960829       -0.0010831643       -0.0013043735       -0.0012033186
  57   1.325   0.263  -0.069       -0.4857695850       -0.0710556941       -0.4958328813       -0.0367806348       -0.4222339974       -0.0254405127       -0.3280826531       -0.0139383487       -0.2669369072       -0.0092391066       -0.2666628021       -0.0081063612       -0.2351116948       -0.0076902574       -0.2461113227       -0.0069861463       -0.0007970050       -0.0006776087       -0.0005923938       -0.0005531374       -0.0010771016       -0.0010591313       -0.0012083769       -0.0012751817
  58   1.406   0.303  -0.048       -0.5527809088       -0.1103826303       -0.6032009756       -0.0576175780       -0.4402414936       -0.0294598282       -0.3513818601       -0.0158284195       -0.2565793246       -0.0089528922       -0.2566567517       -0.0080218683       -0.2275037836       -0.0075328442       -0.2358974582       -0.0069198443       -0.0006696946       -0.0007126042       -0.0005119335       -0.0006033094       -0.0009745823       -0.0010408208       -0.0010994903       -0.0012817545
  59   1.487   0.343  -0.028       -0.6650675424       -0.2525016149       -0.7307619475       -0.1146067145       -0.5038050619       -0.0436792354       -0.3974037098       -0.0198611595       -0.2419538004       -0.0084799134       -0.2426411063       -0.0079000073       -0.2178490325       -0.0072952474       -0.2189050619       -0.0066677224       -0.0006525885       -0.0007315597       -0.0005032332       -0.0006817426       -0.0008973228       -0.0009917968       -0.0010039664       -0.0011726576
   5  -2.877  -1.838  -1.119       -0.3151866008       -0.0636962407       -0.2234728969       -0.0106246963       -0.3558686455       -0.0262655201       -0.2424763460       -0.0125493559       -0.2297591513       -0.0075108969       -0.2169296604       -0.0066913710       -0.2096147208       -0.0063720059       -0.1631546852       -0.0042911140       -0.0007290736       -0.0003963098       -0.0005370426       -0.0003540067       -0.0006656116       -0.0006053678       -0.0006628456       -0.0005784227
  60   1.568   0.384  -0.008       -0.6429588532       -0.4818581069       -0.8500117903       -0.2244125417       -0.6132274785       -0.0842803605       -0.4748412395       -0.0283381687       -0.2289367996       -0.0080208693       -0.2228585973       -0.0075533958       -0.2102177892       -0.0070976405       -0.2000006895       -0.0062698187       -0.0007279555       -0.0007071105       -0.0005626776       -0.0007566671       -0.0008453236       -0.0008853973       -0.0009374285       -0.0010075318
  61   1.648   0.424   0.012       -0.5730802497       -0.6293705799       -0.8079102265       -0.4663551150       -0.7311581551       -0.1377109158       -0.5851790620       -0.0483887872       -0.2222430505       -0.0077549000       -0.2021986440       -0.0070430122       -0.2076096913       -0.0070501238       -0.1832758098       -0.0058258189       -0.0008491848       -0.0006383962       -0.0006879106       -0.0007591810       -0.0008161454       -0.0007685175       -0.0008999045       -0.0008633957
  62   1.729   0.465   0.032       -0.5561530859       -0.7607557717       -0.5834591851       -0.5125695926       -0.7921835822       -0.1926943502       -0.6924283124       -0.0888027306       -0.2270518406       -0.0078245385       -0.1813433728       -0.0064682510       -0.2164070586       -0.0074042813       -0.1636083875       -0.0051634171       -0.0009761096       -0.0005482836       -0.0008649359       -0.0006666797       -0.0007951663       -0.0007033769       -0.0008804575       -0.0007765848
  63   1.810   0.505   0.053       -0.4271727957       -0.8114376074       -0.6277838873       -0.4168150628       -0.8890618725       -0.2496503549       -0.6276858036       -0.0814198571       -0.2210946320       -0.0075204210       -0.1821932438       -0.0065790563       -0.2135607210       -0.0072204718       -0.1629579213       -0.0052149792       -0.0008975908       -0.0006377931       -0.0007838621       -0.0007949217       -0.0006327661       -0.0008546246       -0.0007193627       -0.0009109857
  64   1.891   0.545   0.073       -0.3624991697       -0.6334279292       -0.7590947834       -0.4600754790       -0.9018496051       -0.2465879163       -0.5260752583       -0.0468701961       -0.2042973479       -0.0070153882       -0.2037328831       -0.0071743435       -0.1941014981       -0.0064327418       -0.1856871275       -0.0060312943       -0.0006295808       -0.0008646984       -0.0005290956       -0.0010599661       -0.0005704843       -0.0009967960       -0.0006448837       -0.0010540063
  65   1.972   0.586   0.093       -0.4260170347       -0.5574230163       -0.8164643984       -0.2982810684       -0.8163568558       -0.1670269835       -0.4239797695       -0.0266705084       -0.2030845235       -0.0069793083       -0.2190325637       -0.0075381361       -0.1911814793       -0.0062878540       -0.1988609591       -0.0063571893       -0.0004876986       -0.0008623607       -0.0004286973       -0.0011032937       -0.0005523622       -0.0012010419       -0.0006174470       -0.0012750532
  66   2.053   0.626   0.113       -0.5537288660       -0.4182332606       -0.6986689899       -0.1121079106       -0.6555976779       -0.0868649162       -0.3562948812       -0.0183689409       -0.2085182457       -0.0071533747       -0.2343531432       -0.0078011046       -0.1941490049       -0.0063526285       -0.2126078223       -0.0065804244       -0.0003633219       -0.0007334863       -0.0004139277       -0.0009568090       -0.0005580984       -0.0014439411       -0.0006146794       -0.0016218978
  67   2.133   0.667   0.133       -0.5617290513       -0.1969275033       -0.5634221643       -0.0529934933       -0.4985052480       -0.0438821035       -0.3159557010       -0.0146039647       -0.2183425117       -0.0074578568       -0.2468001574       -0.0079080245       -0.2018018264       -0.0065807496       -0.2243649044       -0.0066366312       -0.0002698959       -0.0005710000       -0.0004088354       -0.0007317006       -0.0005957921       -0.0015563373       -0.0006453561       -0.0019969284
  68   2.214   0.707   0.154       -0.4659608576       -0.0913919651       -0.4521907404       -0.0294051751       -0.4140294900       -0.0302921364       -0.2852952071       -0.0123849380       -0.2284876004       -0.0077421098       -0.2549812871       -0.0078870973       -0.2140422058       -0.0069714984       -0.2297014516       -0.0064929061       -0.0002588524       -0.0004406897       -0.0004018220       -0.0005464128       -0.0006755548       -0.0014680319       -0.0007303032       -0.0021380161
  69   2.295   0.747   0.174       -0.4149676284       -0.0613891881       -0.3721599391       -0.0201248940       -0.3875191205       -0.0259804913       -0.2623132639       -0.0110180208       -0.2343332069       -0.0078751595       -0.2560895514       -0.0076902202       -0.2285105303       -0.0074471659       -0.2296725063       -0.0063002722       -0.0003673400       -0.0003603918       -0.0004408490       -0.0004185192       -0.0007954834       -0.0012733810       -0.0008781731       -0.0019241865
   6  -2.796  -1.798  -1.099       -0.3006302382       -0.0522245028       -0.2204166983       -0.0102087059       -0.3373238814       -0.0237910460       -0.2380221533       -0.0121325946       -0.2297675297       -0.0074475598       -0.2155273984       -0.0065954353       -0.2140243500       -0.0065270846       -0.1608521986       -0.0041811255       -0.0005895534       -0.0003412073       -0.0004851645       -0.0003595404       -0.0006208540       -0.0006109641       -0.0006428696       -0.0006289181
  70   2.376   0.788   0.194       -0.4015454409       -0.0517422659       -0.3333925048       -0.0166031211       -0.3834017723       -0.0249728771       -0.2495944329       -0.0103768391       -0.2359494084       -0.0079055991       -0.2541051665       -0.0075317396       -0.2378014079       -0.0077683001       -0.2276632292       -0.0061895026       -0.0005874998       -0.0003430868       -0.0005419180       -0.0003496056       -0.0009449462       -0.0010940465       -0.0010440142       -0.0015651111
  71   2.457   0.828   0.214       -0.4160092373       -0.0586419445       -0.3367150001       -0.0169059865       -0.3821457135       -0.0255071022       -0.2453045622       -0.0102653354       -0.2349409004       -0.0079026240       -0.2568343948       -0.0077013403       -0.2357449042       -0.0077379810       -0.2247500317       -0.0061623122       -0.0008729390       -0.0004139726       -0.0006686571       -0.0003367850       -0.0010952016       -0.0010283265       -0.0011695292       -0.0013203726
  72   2.537   0.869   0.234       -0.4478562215       -0.0851446430       -0.3753251078       -0.0206153337       -0.3759337074       -0.0268578489       -0.2473661941       -0.0105349118       -0.2321671376       -0.0078899215       -0.2630588404       -0.0081278448       -0.2253406098       -0.0074324654       -0.2207078587       -0.0061649493       -0.0011585639       -0.0006114175       -0.0007462871       -0.0003700781       -0.0012046323       -0.0010754452       -0.0012367114       -0.0012525405
  73   2.618   0.909   0.255       -0.4830734630       -0.1196319540       -0.4295999101       -0.0275914193       -0.3689112240       -0.0286950062       -0.2532606297       -0.0110307226       -0.2284193424       -0.0078745091       -0.2663569492       -0.0085057934       -0.2140479007       -0.0070797293       -0.2159275897       -0.0061572806       -0.0013817513       -0.0009136315       -0.0007437768       -0.0004303936       -0.0012521637       -0.0011616537       -0.0012551704       -0.0012804455
  74   2.699   0.949   0.275       -0.5162295182       -0.1503154284       -0.4725586351       -0.0369045568       -0.3685511003       -0.0307532786       -0.2582615579       -0.0114799966       -0.2251621946       -0.0078732869       -0.2648844510       -0.0086631677       -0.2062879982       -0.0068261529       -0.2113500882       -0.0061225756       -0.0015110293       -0.0011918736       -0.0007152331       -0.0004874603       -0.0012517296       -0.0012239196       -0.0012472013       -0.0013168970
  75   2.780   0.990   0.295       -0.5360955356       -0.1687726398       -0.4918276402       -0.0458501024       -0.3647609580       -0.0308777346       -0.2573886277       -0.0115545586       -0.2242958447       -0.0079295871       -0.2612057852       -0.0086225233       -0.2030819317       -0.0067049298       -0.2076288521       -0.0060546967       -0.0015535458       -0.0013342572       -0.0006913632       -0.0005104143       -0.0012330660       -0.0012406945       -0.0012323174       -0.0013214202
  76   2.861   1.030   0.315       -0.5266168456       -0.1620628793       -0.4854051550       -0.0480053533       -0.3470416785       -0.0272018882       -0.2483534848       -0.0110591956       -0.2268760912       -0.0080779524       -0.2572531468       -0.0084352307       -0.2044171760       -0.0067114792       -0.2047745337       -0.0059487604       -0.0015254438       -0.0012977289       -0.0006718619       -0.0004865290       -0.0012136481       -0.0012108303       -0.0012201052       -0.0012830747
  77   2.941   1.071   0.335       -0.4925623231       -0.1371078194       -0.4539211023       -0.0422422330       -0.3226881715       -0.0219482386       -0.2321076952       -0.0100580696       -0.2323613389       -0.0083052039       -0.2521721705       -0.0080938221       -0.2102686419       -0.0068398348       -0.2021918148       -0.0057976914       -0.0014245099       -0.0010941756       -0.0006664442       -0.0004268077       -0.0011873001       -0.0011363435       -0.0012077202       -0.0011985584
  78   3.022   1.111   0.356       -0.4506434546       -0.1039902432       -0.4042726864       -0.0343369129       -0.3071397323       -0.0183337837       -0.2136558767       -0.0089075726       -0.2382877379       -0.0085274597       -0.2434854926       -0.0075783373       -0.2201134915       -0.0070667541       -0.1988939205       -0.0055954757       -0.0012391752       -0.0007952983       -0.0006749289       -0.0003599689       -0.0011295772       -0.0010288106       -0.0011810868       -0.0010814254
  79   3.103   1.152   0.376       -0.4079684610       -0.0715122580       -0.3561167109       -0.0280797287       -0.3010163315       -0.0167067165       -0.1998007427       -0.0080348890       -0.2418016462       -0.0086507823       -0.2312884804       -0.0069919156       -0.2309572519       -0.0072968183       -0.1940189686       -0.0053489647       -0.0009810711       -0.0005348631       -0.0006419509       -0.0003162952       -0.0010208795       -0.0009297768       -0.0011204699       -0.0009902657
   7  -2.715  -1.758  -1.079       -0.3004980906       -0.0571812655       -0.2317305432       -0.0110464268       -0.3399536926       -0.0244116408       -0.2404328663       -0.0123726728       -0.2272326595       -0.0073438006       -0.2128743432       -0.0066031226       -0.2120736594       -0.0064975938       -0.1598734541       -0.0041681875       -0.0004614507       -0.0003290596       -0.0004184737       -0.0003841875       -0.0005579420       -0.0006300614       -0.0006044522       -0.0007117660
  80   3.184   1.192   0.396       -0.3712533940       -0.0537882160       -0.3334601476       -0.0255602922       -0.2924461034       -0.0156433657       -0.1935090130       -0.0076207199       -0.2423986063       -0.0086838568       -0.2210688039       -0.0065837070       -0.2360495300       -0.0073530560       -0.1876560399       -0.0050943040       -0.0006965381       -0.0004012138       -0.0005345695       -0.0003135075       -0.0008711843       -0.0009053924       -0.0010114795       -0.0010198028
  81   3.265   1.232   0.416       -0.3553988515       -0.0564671929       -0.3472807071       -0.0279691387       -0.2793028421       -0.0144851703       -0.1945574497       -0.0076828562       -0.2410553387       -0.0086883572       -0.2170127191       -0.0064818956       -0.2300611770       -0.0071352258       -0.1813936019       -0.0049028596       -0.0004457039       -0.0003726379       -0.0004089762       -0.0003577647       -0.0007170801       -0.0009793328       -0.0008572806       -0.0012035216
  82   3.345   1.273   0.436       -0.3607606269       -0.0712553905       -0.4003151769       -0.0374948569       -0.2693203309       -0.0134696509       -0.2040520260       -0.0083852587       -0.2369473360       -0.0086132496       -0.2141413520       -0.0065074451       -0.2159418581       -0.0067433015       -0.1772635176       -0.0048463891       -0.0002798120       -0.0004017544       -0.0003283359       -0.0004476486       -0.0005960699       -0.0010833479       -0.0007001603       -0.0014083075
  83   3.426   1.313   0.457       -0.3993643421       -0.1041399160       -0.4934812922       -0.0638837224       -0.2802123290       -0.0139949787       -0.2228799142       -0.0100944442       -0.2272206528       -0.0082734338       -0.2054543359       -0.0064053705       -0.2016212806       -0.0063690037       -0.1754182926       -0.0049239555       -0.0002240391       -0.0004582466       -0.0003110660       -0.0005696885       -0.0005183709       -0.0011146451       -0.0005929990       -0.0014114367
  84   3.507   1.354   0.477       -0.4390964303       -0.2103993528       -0.6198992782       -0.1465254300       -0.3219478464       -0.0180698948       -0.2466631893       -0.0132539144       -0.2139624605       -0.0077197414       -0.1940933908       -0.0062077771       -0.1912622908       -0.0061065518       -0.1734361998       -0.0050248916       -0.0002618731       -0.0005395211       -0.0003166978       -0.0006999606       -0.0004776901       -0.0010170618       -0.0005405447       -0.0011756229
  85   3.588   1.394   0.497       -0.4033766887       -0.2872913974       -0.8059438379       -0.3687497265       -0.3743653118       -0.0288428291       -0.2838199564       -0.0200774878       -0.2031988555       -0.0072394169       -0.1850179893       -0.0060313237       -0.1850443320       -0.0059552218       -0.1695740332       -0.0050391866       -0.0003452061       -0.0006330724       -0.0003039674       -0.0007862103       -0.0004614421       -0.0008119915       -0.0005195268       -0.0008844543
  86   3.669   1.434   0.517       -0.3876617934       -0.2962625540       -0.7367248425       -0.7466274370       -0.4030344499       -0.0533242492       -0.3632347108       -0.0409863938       -0.1975077555       -0.0069670969       -0.1774501452       -0.0058450556       -0.1825274339       -0.0059052841       -0.1644287356       -0.0049546737       -0.0004305779       -0.0006788899       -0.0003145069       -0.0007516612       -0.0004574876       -0.0006183069       -0.0005134537       -0.0006736116
  87   3.749   1.475   0.537       -0.3894526207       -0.2635131709       -0.5241755481       -0.9339932056       -0.3587831694       -0.0636750441       -0.5059909590       -0.1159333803       -0.1983455770       -0.0069487981       -0.1692230635       -0.0055909108       -0.1852915435       -0.0060259774       -0.1569030266       -0.0047198971       -0.0005127602       -0.0006329797       -0.0003932453       -0.0006079755       -0.0004616702       -0.0004987044       -0.0005177071       -0.0005517896
  88   3.830   1.515   0.558       -0.3031772749       -0.4085355234       -0.5339301621       -0.6971116731       -0.3696284449       -0.1027174937       -0.5557552981       -0.1470091062       -0.2027367515       -0.0069380661       -0.1627217361       -0.0054956960       -0.1937460799       -0.0063090912       -0.1464614194       -0.0043448700       -0.0006065879       -0.0005053949       -0.0004935835       -0.0004463536       -0.0004440646       -0.0004715261       -0.0005036332       -0.0005202436
  89   3.911   1.556   0.578       -0.2797482440       -0.5101173833       -0.5862199591       -0.3497203850       -0.5742669860       -0.1918487659       -0.3892629758       -0.0586939612       -0.1877037681       -0.0062481177       -0.1806434444       -0.0062346348       -0.1775605650       -0.0055933117       -0.1632571401       -0.0049863051       -0.0005382462       -0.0004917880       -0.0003821928       -0.0005155495       -0.0004044575       -0.0005217403       -0.0004619772       -0.0005722706
   8  -2.634  -1.717  -1.059       -0.3255154071       -0.0752931853       -0.2619253888       -0.0138125215       -0.3682072018       -0.0291438915       -0.2491952810       -0.0133108310       -0.2216997086       -0.0071840327       -0.2076051472       -0.0066624012       -0.2044466299       -0.0063051767       -0.1603771646       -0.0042646437       -0.0003689760       -0.0003412063       -0.0003685502       -0.0004317430       -0.0004989789       -0.0006552644       -0.0005577669       -0.0007691393
  90   3.992   1.596   0.598       -0.3407739813       -0.4547606247       -0.5122473484       -0.1335984327       -0.6108229843       -0.1479701288       -0.3102960032       -0.0264675852       -0.1869605241       -0.0061584094       -0.1891661399       -0.0065146024       -0.1753441191       -0.0054528650       -0.1685651810       -0.0050659972       -0.0004362486       -0.0004686295       -0.0003191069       -0.0005529101       -0.0003976141       -0.0005883285       -0.0004549024       -0.0006423089
  91   4.073   1.636   0.618       -0.4171953805       -0.3041445687       -0.3931172332       -0.0409552943       -0.5473105131       -0.0861214550       -0.2754017803       -0.0176142609       -0.1919440802       -0.0062671979       -0.1963484408       -0.0066849300       -0.1779575991       -0.0054836255       -0.1710877436       -0.0049817260       -0.0003457262       -0.0004197881       -0.0003103643       -0.0005288458       -0.0004120510       -0.0006657359       -0.0004694027       -0.0007380057
  92   4.154   1.677   0.638       -0.3804384706       -0.1328173886       -0.3168791209       -0.0212341958       -0.4436543563       -0.0437512043       -0.2648223399       -0.0146850981       -0.2006625749       -0.0065047332       -0.2037195038       -0.0067603459       -0.1837750633       -0.0056232845       -0.1713249440       -0.0047966321       -0.0003011373       -0.0003770000       -0.0003155338       -0.0004723143       -0.0004490467       -0.0007118771       -0.0005056599       -0.0008233950
  93   4.234   1.717   0.659       -0.3182265874       -0.0749895553       -0.2637089057       -0.0136954747       -0.3770817937       -0.0299268384       -0.2569493883       -0.0132288688       -0.2103682749       -0.0067969716       -0.2114166944       -0.0067642262       -0.1916136916       -0.0058369209       -0.1696592366       -0.0045802206       -0.0003267230       -0.0003505529       -0.0003365273       -0.0004182487       -0.0005082345       -0.0007111432       -0.0005622576       -0.0008343414
  94   4.315   1.758   0.679       -0.2939332527       -0.0568109990       -0.2322027945       -0.0109496954       -0.3473867637       -0.0249242509       -0.2491664221       -0.0123919324       -0.2177029587       -0.0070413960       -0.2166195644       -0.0067136067       -0.1986621745       -0.0060358647       -0.1679690143       -0.0044304108       -0.0004188702       -0.0003392452       -0.0003893654       -0.0003819724       -0.0005807016       -0.0006921851       -0.0006241546       -0.0007601899
  95   4.396   1.798   0.699       -0.2940129658       -0.0518578089       -0.2205863174       -0.0101602566       -0.3434234285       -0.0241455163       -0.2464866230       -0.0121933076       -0.2215668841       -0.0071993370       -0.2189120512       -0.0066974156       -0.2015017874       -0.0061111398       -0.1674682866       -0.0043916353       -0.0005531309       -0.0003529896       -0.0004615472       -0.0003671785       -0.0006491461       -0.0006816684       -0.0006700189       -0.0006660373
  96   4.477   1.838   0.719       -0.3078422755       -0.0631041737       -0.2236416701       -0.0105737897       -0.3607082427       -0.0265025718       -0.2502110070       -0.0126237071       -0.2222511564       -0.0072825280       -0.2191521382       -0.0067503876       -0.1994549110       -0.0060428889       -0.1680980019       -0.0044501639       -0.0007010523       -0.0004091065       -0.0005181313       -0.0003690060       -0.0006927778       -0.0006771388       -0.0006950706       -0.0006120950
  97   4.558   1.879   0.739       -0.3269947983       -0.0838423659       -0.2388950078       -0.0123856971       -0.3939484781       -0.0316439750       -0.2583636496       -0.0135846899       -0.2204267358       -0.0073037450       -0.2167746010       -0.0067832954       -0.1951558527       -0.0059144013       -0.1693575271       -0.0045665629       -0.0008349441       -0.0005194477       -0.0005264977       -0.0003781241       -0.0007039633       -0.0006633124       -0.0007036892       -0.0006024797
  98   4.638   1.919   0.760       -0.3524280288       -0.1075705962       -0.2638994303       -0.0166107036       -0.4340631701       -0.0389079756       -0.2673057614       -0.0148618753       -0.2176062037       -0.0072900193       -0.2124885317       -0.0067368815       -0.1913973878       -0.0058077319       -0.1706796767       -0.0046917584       -0.0009314524       -0.0006515112       -0.0004999981       -0.0003865671       -0.0006927114       -0.0006401241       -0.0006990974       -0.0006093202
  99   4.719   1.960   0.780       -0.3761476489       -0.1283670224       -0.2892468446       -0.0241249065       -0.4687243627       -0.0463927579       -0.2741329225       -0.0160869497       -0.2159573415       -0.0073005845       -0.2088529412       -0.0066559703       -0.1893807666       -0.0057467425       -0.1717354890       -0.0047864156       -0.0009806628       -0.0007397221       -0.0004847104       -0.0003913416       -0.0006752346       -0.0006168940       -0.0006880804       -0.0006123311
   9  -2.554  -1.677  -1.038       -0.3902056540       -0.1338956378       -0.3130702489       -0.0213738434       -0.4321053518       -0.0423286231       -0.2610806629       -0.0150275419       -0.2128460291       -0.0069548632       -0.1990004011       -0.0066475437       -0.1951823451       -0.0060727746       -0.1614506029       -0.0044351292       -0.0003328919       -0.0003648351       -0.0003450349       -0.0004973106       -0.0004590427       -0.0006559403       -0.0005216532       -0.0007468129
