 100   4.800   2.000   0.800       -0.1090664820       -0.0856124346       -0.1617485754       -0.0631552771       -0.0822283811       -0.0754433831       -0.0432409251       -0.5905570701       -0.4768581512       -0.9660386741       -0.3850445632       -0.1748968885       -0.1929516106       -0.0068956760       -0.1814304968       -0.0059796884       -0.0007723948       -0.0002738807       -0.0009103219       -0.0010605931       -0.0007289358       -0.0003660862       -0.0008950317       -0.0007354334
  10  -2.473  -1.636  -1.018       -0.0783866313       -0.0824725640       -0.1733481639       -0.0982412219       -0.1596406677       -0.0213834622       -0.1173202297       -0.0921423057        0.2474686280       -1.4278188733       -0.3482875845       -0.2625946998       -0.1930433941       -0.0072259394       -0.1722796598       -0.0056759670       -0.0003056145       -0.0003622836       -0.0004626496       -0.0004410209       -0.0004843045       -0.0007939247       -0.0006392554       -0.0008137853
  11  -2.392  -1.596  -0.998       -0.0899446949       -0.0905087070       -0.1707327353       -0.0943954119       -0.1982517360       -0.0252128764       -0.0675393897       -0.0675073061        0.6146827591       -0.5257003084       -0.1302269634       -0.3377555344       -0.1920353006       -0.0072873142       -0.1690683661       -0.0057163380       -0.0003497829       -0.0004085677       -0.0004617474       -0.0004466420       -0.0004315161       -0.0007579376       -0.0006370565       -0.0007218097
  12  -2.311  -1.556  -0.978       -0.0932453309       -0.1056013403       -0.2017982115       -0.0861811385       -0.1925119424       -0.0388036806        0.0226573863       -0.0779289415        0.2250434044       -0.1824058817       -0.0661065804       -0.1788129548       -0.1951162132       -0.0075052653       -0.1634549591       -0.0055985202       -0.0004147084       -0.0004208457       -0.0004683826       -0.0004795918       -0.0004271523       -0.0006587638       -0.0006424189       -0.0006507454
  13  -2.230  -1.515  -0.958       -0.1141067134       -0.1256572320       -0.2017248044       -0.0818215413       -0.1091077651       -0.0544305449       -0.0871719461       -0.0687141965        0.0298190758       -0.0937433343       -0.0168194118       -0.1409668336       -0.2105281622       -0.0082210629       -0.1474234535       -0.0049701782       -0.0004773963       -0.0004068413       -0.0005223524       -0.0004362517       -0.0005330808       -0.0005307248       -0.0006315677       -0.0006289099
  14  -2.149  -1.475  -0.937       -0.1858038298       -0.1329479266       -0.1145283704       -0.0738102329       -0.0107073165       -0.0888575328       -0.2678049286       -0.0214541440       -0.1724253509       -0.0394897997        0.2697676032       -0.3713328956       -0.1898392182       -0.0070883491       -0.1695220811       -0.0061793239       -0.0004269150       -0.0004722861       -0.0005383661       -0.0003841457       -0.0004754621       -0.0006791936       -0.0005635812       -0.0006993061
  15  -2.069  -1.434  -0.917       -0.1930086628       -0.1191420532       -0.0727121591       -0.0728352197       -0.0011408266       -0.0946044663       -0.2024992010       -0.0195226751       -0.2104400794       -0.0519942222       -0.0654961251       -0.6570755391       -0.1841914092       -0.0068034407       -0.1789078563       -0.0065445451       -0.0003678767       -0.0005005125       -0.0004909531       -0.0003902188       -0.0004613871       -0.0008581020       -0.0005336177       -0.0007751598
  16  -1.988  -1.394  -0.897       -0.1789860100       -0.0959045016       -0.0684048655       -0.0855289617       -0.0841851217       -0.0651804048        0.0911118975       -0.1040580586       -0.2400680306       -0.0992713643       -0.4553141422       -0.4717243932       -0.1843069873       -0.0067768725       -0.1855204882       -0.0066906247       -0.0003087675       -0.0004687370       -0.0003976602       -0.0004823684       -0.0005090815       -0.0009835609       -0.0005123436       -0.0008984745
  17  -1.907  -1.354  -0.877       -0.1570380453       -0.0813295543       -0.1083887523       -0.0665516337       -0.1584143945       -0.0360109356        0.4977727974       -0.4024272816       -0.3268268507       -0.1666259794       -0.4089213477       -0.1088334289       -0.1868576647       -0.0068455431       -0.1927171423       -0.0067946931       -0.0002571569       -0.0003905173       -0.0003405384       -0.0005658843       -0.0005998131       -0.0010138718       -0.0004983439       -0.0010650488
  18  -1.826  -1.313  -0.857       -0.1389811416       -0.0786007418       -0.1247255401       -0.0360724370       -0.1496363468       -0.0394519993        0.2749916605       -1.0866296168       -0.4130448878       -0.2067730971       -0.2959608024       -0.0382547824       -0.1909264049       -0.0069791091       -0.2002606824       -0.0068772064       -0.0002324018       -0.0003139553       -0.0003440272       -0.0005814663       -0.0007160187       -0.0009150500       -0.0004970600       -0.0012015661
  19  -1.745  -1.273  -0.836       -0.1417629736       -0.0817904772       -0.1310354331       -0.0253532303       -0.1222613024       -0.0602622259       -0.0716349282       -1.1501413626       -0.4769539638       -0.1497886790       -0.2457283661       -0.0224457830       -0.1954439230       -0.0071496578       -0.2073505909       -0.0069648171       -0.0002507301       -0.0002646058       -0.0004055864       -0.0005731405       -0.0008099227       -0.0007245838       -0.0005189001       -0.0011935383
   1  -3.200  -2.000  -1.200       -0.1115405415       -0.0856860793       -0.1594170006       -0.0619441782       -0.0741560637       -0.0773749085       -0.0394291385       -0.5980199732       -0.4730814375       -0.9912474027       -0.3882923907       -0.1773825506       -0.1928726377       -0.0068766834       -0.1835639943       -0.0060630512       -0.0007921331       -0.0002625015       -0.0009408420       -0.0010239409       -0.0007670892       -0.0003866878       -0.0007759079       -0.0007311078
  20  -1.665  -1.232  -0.816       -0.1518654880       -0.0764836372       -0.1353096852       -0.0226133177       -0.0953815276       -0.0970710759       -0.4012081116       -1.1646363498       -0.5097259087       -0.1397874906       -0.2288300686       -0.0182867540       -0.1988970413       -0.0073150039       -0.2138333612       -0.0071118374       -0.0003152416       -0.0002380591       -0.0005474398       -0.0005867140       -0.0008631299       -0.0005293988       -0.0005718580       -0.0010438545
  21  -1.584  -1.192  -0.796       -0.1585536394       -0.0719298919       -0.1373757619       -0.0232009935       -0.0816803241       -0.1309658793       -0.4503947693       -1.0465944166       -0.5621261482       -0.1592124042       -0.2298758066       -0.0178528580       -0.2000738913       -0.0074373303       -0.2195069444       -0.0073343799       -0.0004212095       -0.0002276815       -0.0007470842       -0.0006517068       -0.0009104793       -0.0004027651       -0.0006507003       -0.0009023685
  22  -1.503  -1.152  -0.776       -0.1643719206       -0.0716730884       -0.1376143279       -0.0255556259       -0.0741461268       -0.1410686160       -0.2984409048       -0.9247242248       -0.6172921502       -0.2439565661       -0.2417419327       -0.0194695829       -0.1989356397       -0.0075063996       -0.2235977639       -0.0075871622       -0.0005605039       -0.0002311525       -0.0009305028       -0.0007834962       -0.0009887372       -0.0003717723       -0.0007368017       -0.0008767230
  23  -1.422  -1.111  -0.756       -0.1721348392       -0.0726205794       -0.1372708512       -0.0290550751       -0.0679994848       -0.1297861496       -0.1942189157       -0.7338066359       -0.6577184842       -0.3725963377       -0.2596563188       -0.0227357383       -0.1965689199       -0.0075403436       -0.2256123577       -0.0078074994       -0.0007151574       -0.0002473859       -0.0010307316       -0.0009702345       -0.0010931294       -0.0004205690       -0.0008098836       -0.0009467087
  24  -1.341  -1.071  -0.735       -0.1830632377       -0.0738159934       -0.1384137968       -0.0331194746       -0.0649969663       -0.1115415681       -0.1762802254       -0.6120074376       -0.6768071604       -0.5499071890       -0.2783034338       -0.0273081689       -0.1943674292       -0.0075683902       -0.2261157728       -0.0079631970       -0.0008555141       -0.0002711452       -0.0010446368       -0.0011675777       -0.0011903706       -0.0005083075       -0.0008642260       -0.0010428531
  25  -1.261  -1.030  -0.715       -0.1932140222       -0.0756214791       -0.1421621583       -0.0370741579       -0.0636656427       -0.0977640417       -0.1752899996       -0.5222572416       -0.6415444791       -0.7031297775       -0.2906326984       -0.0310362733       -0.1933664863       -0.0076151563       -0.2263959521       -0.0080610798       -0.0009518566       -0.0002905563       -0.0010216605       -0.0013148646       -0.0012584730       -0.0005861509       -0.0009055835       -0.0011241191
  26  -1.180  -0.990  -0.695       -0.1969555795       -0.0762109070       -0.1476717232       -0.0388118884       -0.0632547140       -0.0918847401       -0.2104794835       -0.4727076201       -0.6407146676       -0.7888101847       -0.2924907004       -0.0297862575       -0.1941950644       -0.0077014051       -0.2276613286       -0.0081256881       -0.0009874245       -0.0002931269       -0.0010195143       -0.0013579311       -0.0012963975       -0.0006172935       -0.0009421209       -0.0011814853
  27  -1.099  -0.949  -0.675       -0.1928706080       -0.0745591841       -0.1533532224       -0.0371294744       -0.0632388711       -0.0955388008       -0.2650568677       -0.4639461807       -0.7185847721       -0.8044944878       -0.2850851941       -0.0242750277       -0.1972256226       -0.0078487740       -0.2305184657       -0.0081759478       -0.0009571152       -0.0002767281       -0.0010566455       -0.0012778452       -0.0013050544       -0.0005920773       -0.0009760669       -0.0012162568
  28  -1.018  -0.909  -0.655       -0.1848401969       -0.0725341607       -0.1582054089       -0.0336206137       -0.0622425155       -0.1094136543       -0.3198000078       -0.4699153886       -0.8209211221       -0.7055324648       -0.2726221907       -0.0189764997       -0.2025729616       -0.0080761840       -0.2348203463       -0.0082161287       -0.0008647964       -0.0002503430       -0.0010896409       -0.0011059477       -0.0012704288       -0.0005295730       -0.0009947864       -0.0012213145
  29  -0.937  -0.869  -0.634       -0.1776904012       -0.0705169617       -0.1626936697       -0.0300025131       -0.0626447638       -0.1271409352       -0.3643220453       -0.5251665372       -0.8736113843       -0.5728114198       -0.2608429826       -0.0155939728       -0.2097455159       -0.0083813341       -0.2396698266       -0.0082404121       -0.0007294868       -0.0002280068       -0.0010546117       -0.0009030606       -0.0011979532       -0.0004782377       -0.0009836885       -0.0012140086
   2  -3.119  -1.960  -1.180       -0.1050259052       -0.0845563636       -0.1633474839       -0.0582373614       -0.0732365685       -0.0794848859       -0.1104319188       -0.5565791318       -0.5253812214       -1.0157665976       -0.3722381375       -0.1481736666       -0.1936813525       -0.0069300869       -0.1820487329       -0.0059596473       -0.0007812725       -0.0002568683       -0.0009533268       -0.0010142358       -0.0007420845       -0.0003710146       -0.0007943322       -0.0007049597
  30  -0.857  -0.828  -0.614       -0.1728973851       -0.0683345198       -0.1667093330       -0.0271270426       -0.0660068518       -0.1332596141       -0.4618323798       -0.5924918870       -0.9100998025       -0.4323681197       -0.2541674599       -0.0138540216       -0.2172823467       -0.0087227411       -0.2438194118       -0.0082529544       -0.0005805278       -0.0002183800       -0.0009162413       -0.0007306601       -0.0011229109       -0.0004937164       -0.0009347662       -0.0012507816
  31  -0.776  -0.788  -0.594       -0.1694358260       -0.0680286857       -0.1704901996       -0.0258058766       -0.0742842040       -0.1139715286       -0.5048744808       -0.6343480790       -0.9031820057       -0.3735708866       -0.2567784273       -0.0135931417       -0.2229730560       -0.0090249035       -0.2461830563       -0.0082779803       -0.0004440351       -0.0002243173       -0.0007109341       -0.0006268419       -0.0010794096       -0.0006162173       -0.0008579586       -0.0013903910
  32  -0.695  -0.747  -0.574       -0.1676266942       -0.0694334144       -0.1753881526       -0.0271758736       -0.0974218882       -0.0766000565       -0.3786292975       -0.6876717082       -0.9216519108       -0.4594070956       -0.2747982299       -0.0152813061       -0.2250662483       -0.0092190339       -0.2456371034       -0.0083286530       -0.0003372745       -0.0002495763       -0.0005275797       -0.0005967351       -0.0010532315       -0.0008515008       -0.0007801503       -0.0015871250
  33  -0.614  -0.707  -0.554       -0.1722015988       -0.0677114863       -0.1851917398       -0.0342349351       -0.1317105267       -0.0462087081       -0.2291912600       -0.5555333481       -0.9911257088       -0.8337158024       -0.3186132460       -0.0210104324       -0.2235524572       -0.0092893674       -0.2404292505       -0.0083507928       -0.0002756432       -0.0003034785       -0.0004269959       -0.0006237384       -0.0009849698       -0.0011511690       -0.0007236418       -0.0016596916
  34  -0.533  -0.667  -0.533       -0.1938151852       -0.0668982914       -0.2045435502       -0.0574403462       -0.1639781071       -0.0304140194       -0.0054296571       -0.4613950785       -0.2959675541       -1.2000811054       -0.4067160496       -0.0413281042       -0.2201361859       -0.0092819692       -0.2295156739       -0.0082351123       -0.0002722786       -0.0004003595       -0.0003979524       -0.0006718195       -0.0008433988       -0.0014120796       -0.0006930356       -0.0014992621
  35  -0.453  -0.626  -0.513       -0.2252749818       -0.0780222323       -0.2106695585       -0.0981592016       -0.1995210019       -0.0306235642       -0.0155231349       -0.1948822162        0.1776643134       -0.9479122584       -0.5628177595       -0.1476518782       -0.2170931456       -0.0092793315       -0.2150867263       -0.0079431599       -0.0003234978       -0.0005331509       -0.0003953524       -0.0007005035       -0.0006710234       -0.0015269116       -0.0006816012       -0.0012139399
  36  -0.372  -0.586  -0.493       -0.2575988311       -0.1001595586       -0.2206819652       -0.1045543670       -0.2281897828       -0.0826071018       -0.0494332113       -0.0948995333        0.2363247552       -0.3432729035       -0.5798208570       -0.3774537421       -0.2164190821       -0.0093692059       -0.2006484573       -0.0075317369       -0.0004081578       -0.0006373146       -0.0004755457       -0.0006489919       -0.0005307472       -0.0014721833       -0.0006834809       -0.0009596223
  37  -0.291  -0.545  -0.473       -0.2715043136       -0.1241895666       -0.2598485330       -0.1053491068       -0.1859932468       -0.1218824030       -0.0975737633       -0.0627177064        0.0408345902       -0.1663783981       -0.2957884017       -0.4636675834       -0.2213647322       -0.0097276515       -0.1859842296       -0.0069516538       -0.0005132514       -0.0006490513       -0.0006156458       -0.0005627662       -0.0004865020       -0.0012895927       -0.0007004955       -0.0007892185
  38  -0.210  -0.505  -0.453       -0.2727125568       -0.1397596006       -0.2911456453       -0.1046715336       -0.0102211175       -0.1375582109       -0.2742228065       -0.0613522389        0.1155448927       -0.1779775633       -0.4401992735       -0.1150408106       -0.2469063372       -0.0111965309       -0.1564998579       -0.0054059837       -0.0006876797       -0.0005170132       -0.0007665716       -0.0004751525       -0.0006867915       -0.0009217742       -0.0007518272       -0.0006788019
  39  -0.129  -0.465  -0.432       -0.2752647677       -0.1357038304       -0.2860997827       -0.0881261059       -0.0058631333       -0.1443928699       -0.3084485766       -0.0456986092       -0.0113290866       -0.1498472115       -0.2135263713       -0.2243499102       -0.2316976747       -0.0099565186       -0.1735786587       -0.0067273484       -0.0007644621       -0.0004235594       -0.0008158347       -0.0004291987       -0.0008706408       -0.0007133037       -0.0007316396       -0.0007177994
   3  -3.038  -1.919  -1.160       -0.0958853946       -0.0840931765       -0.1667232674       -0.0501560532       -0.0568733879       -0.0970489017       -0.2293429265       -0.4700072352       -0.7077078398       -0.9844978854       -0.3462267028       -0.0910219431       -0.1954890856       -0.0069894340       -0.1811054028       -0.0058375176       -0.0007294292       -0.0002437380       -0.0009690097       -0.0009557511       -0.0007299959       -0.0003455490       -0.0008158928       -0.0006762990
  40  -0.048  -0.424  -0.412       -0.2721838587       -0.1186345350       -0.2428502210       -0.0747205379       -0.0816910622       -0.1237180773       -0.1842055692       -0.0625825282       -0.0012593525       -0.1887261025       -0.1867400278       -0.5936858808       -0.2146623936       -0.0088872587       -0.1987847341       -0.0080591751       -0.0006540398       -0.0004660393       -0.0007541869       -0.0005076488       -0.0007846437       -0.0008496338       -0.0007210049       -0.0008234988
  41   0.032  -0.384  -0.392       -0.2532026286       -0.0997267804       -0.2051575748       -0.0736667158       -0.1335467391       -0.0773903432        0.0477189425       -0.1933518339        0.0402651936       -0.4321153390       -0.6817292178       -0.7132142206       -0.2137189902       -0.0087443867       -0.2147549180       -0.0086498403       -0.0005660777       -0.0004385987       -0.0006736987       -0.0007145360       -0.0007377589       -0.0009125541       -0.0007594681       -0.0009584070
  42   0.113  -0.343  -0.372       -0.2321687304       -0.0882217164       -0.1961663989       -0.0632528672       -0.1670738293       -0.0506738613        0.3253465800       -0.6755865308       -0.1972079183       -0.5842452609       -0.7194416545       -0.2261313110       -0.2181868594       -0.0088721075       -0.2309083461       -0.0090732637       -0.0005082826       -0.0003692252       -0.0006641602       -0.0009410057       -0.0007242314       -0.0008834845       -0.0008345975       -0.0011189630
  43   0.194  -0.303  -0.352       -0.2129142985       -0.0847024440       -0.1874820553       -0.0427453655       -0.1659445662       -0.0523414026       -0.2512018163       -1.1871626663       -0.5162278890       -0.6356623829       -0.5652422655       -0.0817388813       -0.2251026837       -0.0091198610       -0.2455284352       -0.0093190847       -0.0004967390       -0.0003066427       -0.0007583010       -0.0011360651       -0.0007192743       -0.0007701709       -0.0009455822       -0.0012441049
  44   0.275  -0.263  -0.331       -0.2067516914       -0.0825514797       -0.1828567269       -0.0348446500       -0.1489410914       -0.0736288208       -0.5087495353       -1.1895115981       -0.6204741963       -0.3547842070       -0.4661701061       -0.0414143359       -0.2316592104       -0.0093762670       -0.2546228899       -0.0093546337       -0.0005410794       -0.0002713583       -0.0009467492       -0.0013218088       -0.0007099079       -0.0006224394       -0.0010899027       -0.0012618374
  45   0.356  -0.222  -0.311       -0.2045385952       -0.0782992446       -0.1834134412       -0.0335334972       -0.1346283367       -0.1060269000       -0.7537123399       -1.2010678457       -0.5880816789       -0.2832204449       -0.4281952914       -0.0324154897       -0.2350991437       -0.0095445137       -0.2568609804       -0.0092646861       -0.0006392271       -0.0002570485       -0.0012048191       -0.0015371480       -0.0006926339       -0.0004973650       -0.0012544864       -0.0011932559
  46   0.436  -0.182  -0.291       -0.2033698906       -0.0775226140       -0.1869945948       -0.0358183612       -0.1326222748       -0.1231756149       -0.7606397179       -1.1880340619       -0.5640196248       -0.3056251438       -0.4285230532       -0.0321167539       -0.2341964373       -0.0095805898       -0.2537180925       -0.0091513605       -0.0007859860       -0.0002572047       -0.0014612658       -0.0018074556       -0.0006718370       -0.0004276895       -0.0014148996       -0.0011417531
  47   0.517  -0.141  -0.271       -0.2048628154       -0.0804059349       -0.1929342137       -0.0404517468       -0.1376207498       -0.1130423747       -0.5835195889       -1.1730375924       -0.5120825088       -0.3617527924       -0.4565805868       -0.0380266566       -0.2299245938       -0.0095065310       -0.2471721343       -0.0090399862       -0.0009712014       -0.0002707868       -0.0016376887       -0.0021220617       -0.0006446458       -0.0004231001       -0.0015470239       -0.0011624289
  48   0.598  -0.101  -0.251       -0.2114673106       -0.0838614123       -0.2003380433       -0.0470500714       -0.1498111461       -0.0894548402       -0.4496703510       -1.1385419744       -0.4264169080       -0.4159470776       -0.5039593469       -0.0530319795       -0.2245447323       -0.0093848867       -0.2392439660       -0.0089135366       -0.0011677714       -0.0002978588       -0.0017095018       -0.0024271613       -0.0006075619       -0.0004710795       -0.0016389653       -0.0012271068
  49   0.679  -0.061  -0.230       -0.2210868902       -0.0886330991       -0.2078173708       -0.0547120372       -0.1655692987       -0.0689388616       -0.2786571484       -1.1699451982       -0.3134665439       -0.4160169944       -0.5498395201       -0.0803973140       -0.2201132230       -0.0092765253       -0.2321521048       -0.0087740963       -0.0013348330       -0.0003327462       -0.0017201447       -0.0026611158       -0.0005722607       -0.0005374382       -0.0017039300       -0.0012926568
   4  -2.958  -1.879  -1.139       -0.0903854029       -0.0860353774       -0.1681969307       -0.0422300353       -0.0342206715       -0.1277543333       -0.2743150619       -0.3757899024       -0.8641109598       -0.8008810046       -0.3018905802       -0.0510769110       -0.1980588095       -0.0070664072       -0.1804057104       -0.0057028139       -0.0006464272       -0.0002312675       -0.0009631791       -0.0008525879       -0.0007206868       -0.0003318126       -0.0008274761       -0.0006509174
  50   0.760  -0.020  -0.210       -0.2273500281       -0.0921912677       -0.2125803559       -0.0606935267       -0.1758446753       -0.0579531375       -0.1488046639       -1.1422938771       -0.2610135139       -0.3773659809       -0.5725833407       -0.0986413379       -0.2178565396       -0.0092212192       -0.2277552697       -0.0086515174       -0.0014367912       -0.0003603004       -0.0017256329       -0.0027919470       -0.0005572712       -0.0005827329       -0.0017610046       -0.0013441294
  51   0.840   0.020  -0.190       -0.2262423269       -0.0910342994       -0.2141156625       -0.0613377311       -0.1735442138       -0.0578399425       -0.1466750861       -1.1354010202       -0.2593483479       -0.3741670912       -0.5723155390       -0.0961634609       -0.2182366050       -0.0092352935       -0.2269568434       -0.0085722294       -0.0014554697       -0.0003655855       -0.0017546065       -0.0028177973       -0.0005704851       -0.0005822292       -0.0018209234       -0.0013806779
  52   0.921   0.061  -0.170       -0.2175844590       -0.0856756448       -0.2121927021       -0.0559125398       -0.1593266183       -0.0686341066       -0.2621089884       -1.1553280310       -0.3046455182       -0.4084112868       -0.5477514457       -0.0750337493       -0.2213448071       -0.0093260349       -0.2298433696       -0.0085481182       -0.0013882096       -0.0003492010       -0.0018048879       -0.0027347515       -0.0006106412       -0.0005355862       -0.0018810796       -0.0013990618
  53   1.002   0.101  -0.149       -0.2050545423       -0.0799460764       -0.2072863577       -0.0478894078       -0.1407580948       -0.0889994627       -0.4121559706       -1.1460188439       -0.4073575906       -0.4114920210       -0.5007882626       -0.0494185818       -0.2268286590       -0.0094880341       -0.2356184268       -0.0085692742       -0.0012483471       -0.0003268964       -0.0018422141       -0.0025368282       -0.0006668417       -0.0004682604       -0.0019222898       -0.0013950434
  54   1.083   0.141  -0.129       -0.1952749193       -0.0757312886       -0.2017774143       -0.0405020391       -0.1265219629       -0.1125190667       -0.5516829918       -1.2256170491       -0.4889012128       -0.3684338950       -0.4546739249       -0.0360617891       -0.2335270797       -0.0096871529       -0.2425203468       -0.0086107227       -0.0010671292       -0.0003136092       -0.0018032875       -0.0022479192       -0.0007152421       -0.0004233115       -0.0019144414       -0.0013780858
  55   1.164   0.182  -0.109       -0.1908105026       -0.0721704249       -0.1972932159       -0.0351174741       -0.1199867359       -0.1230373915       -0.7661205003       -1.2731571561       -0.5434393714       -0.3170387915       -0.4273858760       -0.0306766372       -0.2393221137       -0.0098596818       -0.2483367891       -0.0086602999       -0.0008836327       -0.0003145757       -0.0016415115       -0.0019370621       -0.0007421320       -0.0004405262       -0.0018355031       -0.0013998340
  56   1.244   0.222  -0.089       -0.1916669376       -0.0714189671       -0.1948629696       -0.0324184409       -0.1203736968       -0.1073605598       -0.7711085034       -1.3012238849       -0.5621103983       -0.2930510068       -0.4264566437       -0.0307067609       -0.2417954878       -0.0099339629       -0.2509881432       -0.0087184763       -0.0007229812       -0.0003290648       -0.0013838189       -0.0016671785       -0.0007527879       -0.0005354397       -0.0016921946       -0.0015038685
  57   1.325   0.263  -0.069       -0.1977314775       -0.0732917066       -0.1955957481       -0.0340127624       -0.1312298125       -0.0758461785       -0.4632562716       -1.2910076484       -0.5784675342       -0.3503243720       -0.4608969241       -0.0378071927       -0.2397122595       -0.0098719120       -0.2483790372       -0.0087472758       -0.0005963276       -0.0003572358       -0.0011260386       -0.0014570119       -0.0007520696       -0.0006979068       -0.0015224489       -0.0016294701
  58   1.406   0.303  -0.048       -0.2103269537       -0.0747013654       -0.2014419935       -0.0447844022       -0.1429119708       -0.0537707965       -0.1488100907       -1.1623445193       -0.5014789968       -0.5761994695       -0.5488371522       -0.0658684256       -0.2340722508       -0.0096991092       -0.2390135560       -0.0086475102       -0.0005175722       -0.0004042636       -0.0009498304       -0.0012851067       -0.0007386301       -0.0008905774       -0.0013658263       -0.0016455472
  59   1.487   0.343  -0.028       -0.2356212727       -0.0787271233       -0.2062093063       -0.0705308373       -0.1352356604       -0.0505927951        0.2775097067       -0.6117134869       -0.2482520844       -0.6067434279       -0.7153185765       -0.1654357201       -0.2274695505       -0.0094950696       -0.2242230920       -0.0083494567       -0.0005047831       -0.0004745147       -0.0008652232       -0.0011176420       -0.0007242120       -0.0010442081       -0.0012430398       -0.0015118525
   5  -2.877  -1.838  -1.119       -0.0910458768       -0.0876920660       -0.1689138224       -0.0368258275       -0.0177242002       -0.1548104325       -0.3116918506       -0.3495443751       -0.9216460313       -0.6446781622       -0.2725962973       -0.0357854066       -0.2007181483       -0.0071570316       -0.1797042268       -0.0055747090       -0.0005508988       -0.0002254674       -0.0009019729       -0.0007285577       -0.0007063884       -0.0003534041       -0.0008156052       -0.0006542040
  60   1.568   0.384  -0.008       -0.2654677700       -0.0939719989       -0.2051856664       -0.0860198836       -0.0905345434       -0.0744921844       -0.0098956860       -0.1812423231        0.0796101161       -0.4667988189       -0.7686460062       -0.6103723229       -0.2227689585       -0.0093632334       -0.2080631391       -0.0079028701       -0.0005595127       -0.0005460491       -0.0008420136       -0.0009528459       -0.0007349794       -0.0010941946       -0.0011568930       -0.0013107986
  61   1.648   0.424   0.012       -0.2875465077       -0.1209791519       -0.2294485430       -0.0835223881       -0.0390847260       -0.1163028722       -0.2135705549       -0.0617538628        0.0168851632       -0.1910423813       -0.3709997148       -0.7170611357       -0.2227797140       -0.0094331056       -0.1923265290       -0.0073393679       -0.0006613448       -0.0005696048       -0.0008586218       -0.0008044193       -0.0008211230       -0.0010244835       -0.0011065119       -0.0011247788
  62   1.729   0.465   0.032       -0.2761589502       -0.1394852740       -0.2769848283       -0.0848940126        0.0336186641       -0.1386837473       -0.3210685780       -0.0513225463       -0.0156269727       -0.1452049468       -0.1712712850       -0.3110394176       -0.2364533133       -0.0101702919       -0.1694171652       -0.0062734282       -0.0007935994       -0.0005161530       -0.0009217125       -0.0006314676       -0.0010431252       -0.0008614411       -0.0010884471       -0.0009875815
  63   1.810   0.505   0.053       -0.2379123235       -0.1212872411       -0.3236133342       -0.1042822692        0.0059259386       -0.1607469997       -0.3032563868       -0.0576801818        0.1709805579       -0.2006310387       -0.4509067845       -0.0886725595       -0.2371804918       -0.0100612760       -0.1656315090       -0.0062286427       -0.0007515411       -0.0005780429       -0.0009676065       -0.0005340448       -0.0008812350       -0.0011165523       -0.0009432757       -0.0010672162
  64   1.891   0.545   0.073       -0.2401829444       -0.1074054472       -0.2891064428       -0.1010617784       -0.1972537113       -0.1506954016       -0.1104886423       -0.0612751369        0.0973444706       -0.1940472227       -0.2467571622       -0.3442776632       -0.2111043573       -0.0086281395       -0.1945663954       -0.0076758092       -0.0005767270       -0.0006990644       -0.0008051934       -0.0006186903       -0.0006638068       -0.0015532276       -0.0008389435       -0.0012073670
  65   1.972   0.586   0.093       -0.2333528391       -0.0963299017       -0.2448485335       -0.0919296307       -0.2542884451       -0.1011936261       -0.0199982902       -0.0984131249        0.2852030329       -0.4016790999       -0.4467205273       -0.4654093892       -0.2059231278       -0.0083105432       -0.2087579861       -0.0081713501       -0.0004547624       -0.0006703177       -0.0006286482       -0.0007392009       -0.0007190756       -0.0017737183       -0.0007928196       -0.0014125278
  66   2.053   0.626   0.113       -0.2140113843       -0.0803507820       -0.2203756550       -0.0798427503       -0.2307015409       -0.0381394638        0.0456999179       -0.2129527091        0.1081975038       -1.1077729865       -0.5880668188       -0.2018267539       -0.2064767315       -0.0082677270       -0.2230566692       -0.0085207511       -0.0003465628       -0.0005422793       -0.0004761025       -0.0008781165       -0.0008563370       -0.0018542038       -0.0007746153       -0.0017234725
  67   2.133   0.667   0.133       -0.1931032379       -0.0680569562       -0.2028761488       -0.0450067158       -0.1818764716       -0.0353097261        0.0528326752       -0.5353918127       -0.4347117509       -1.1304608417       -0.4212049634       -0.0530802958       -0.2097097956       -0.0083460365       -0.2374161875       -0.0087535377       -0.0002702158       -0.0003964645       -0.0004752202       -0.0008537692       -0.0010306517       -0.0017276101       -0.0007839671       -0.0020686412
  68   2.214   0.707   0.154       -0.1764730679       -0.0655073334       -0.1810750493       -0.0261467526       -0.1416377902       -0.0515402243       -0.3016796550       -0.6212406375       -0.9694359766       -0.7821330757       -0.3243539343       -0.0235733313       -0.2137598735       -0.0084667848       -0.2479540187       -0.0088033406       -0.0002563691       -0.0003018301       -0.0005409978       -0.0007662918       -0.0011754963       -0.0014119815       -0.0008298228       -0.0022429937
  69   2.295   0.747   0.174       -0.1736232560       -0.0651532769       -0.1704614402       -0.0206068895       -0.1031505580       -0.0835684333       -0.4090152386       -0.6530676330       -0.9138778374       -0.4659463982       -0.2768159322       -0.0161976181       -0.2164303631       -0.0085459912       -0.2523052933       -0.0087124068       -0.0003178626       -0.0002557541       -0.0007151314       -0.0006985812       -0.0012316097       -0.0010351176       -0.0009199239       -0.0020977482
   6  -2.796  -1.798  -1.099       -0.0906418241       -0.0889945253       -0.1700420468       -0.0342976075       -0.0117272970       -0.1513605408       -0.3360873232       -0.3194023613       -0.9520628033       -0.5629056011       -0.2625655926       -0.0311690224       -0.2023412900       -0.0072354316       -0.1789095927       -0.0054841796       -0.0004601539       -0.0002284293       -0.0007778840       -0.0006160134       -0.0006873138       -0.0004213601       -0.0007777675       -0.0007190752
  70   2.376   0.788   0.194       -0.1759576007       -0.0636778262       -0.1658844800       -0.0198213587       -0.0779551368       -0.1221440725       -0.5057594115       -0.6287607390       -0.9116943699       -0.3797358173       -0.2573618487       -0.0140291686       -0.2158794144       -0.0085174635       -0.2516818182       -0.0085994154       -0.0004470728       -0.0002387611       -0.0010062135       -0.0007109841       -0.0012390038       -0.0007294073       -0.0010507091       -0.0017842082
  71   2.457   0.828   0.214       -0.1798430459       -0.0652687319       -0.1633878034       -0.0216182156       -0.0687273125       -0.1409724394       -0.4594935817       -0.5888118022       -0.9222025618       -0.4343956289       -0.2542189649       -0.0141005938       -0.2118480100       -0.0083720285       -0.2481215505       -0.0085226837       -0.0006291703       -0.0002407662       -0.0013263734       -0.0008338018       -0.0012787188       -0.0005612518       -0.0011933599       -0.0015641393
  72   2.537   0.869   0.234       -0.1849081324       -0.0692707409       -0.1610883464       -0.0252407371       -0.0651896560       -0.1330260620       -0.3615617492       -0.5162131643       -0.8865909683       -0.5752096534       -0.2608919313       -0.0157411530       -0.2058235812       -0.0081592396       -0.2429087794       -0.0084651395       -0.0008419657       -0.0002576003       -0.0015468033       -0.0010670188       -0.0013696402       -0.0005255748       -0.0013086110       -0.0015141883
  73   2.618   0.909   0.255       -0.1920444998       -0.0732354088       -0.1581723009       -0.0299828689       -0.0640858725       -0.1137926365       -0.3223320031       -0.4578443056       -0.8335574491       -0.7122960189       -0.2730520417       -0.0190333160       -0.1998565681       -0.0079456869       -0.2371309927       -0.0083939894       -0.0010472362       -0.0002857770       -0.0016109838       -0.0013603895       -0.0014655838       -0.0005729362       -0.0013771229       -0.0015555738
  74   2.699   0.949   0.275       -0.1999064770       -0.0771470786       -0.1543579144       -0.0348772799       -0.0626774340       -0.0991124860       -0.2733845491       -0.4568327028       -0.7236418679       -0.8165411948       -0.2861437903       -0.0242204351       -0.1953858700       -0.0077749394       -0.2319799461       -0.0082989552       -0.0011990162       -0.0003153625       -0.0015664416       -0.0016238120       -0.0015188572       -0.0006354772       -0.0014048765       -0.0016010377
  75   2.780   0.990   0.295       -0.2030220964       -0.0805982069       -0.1494108125       -0.0382081097       -0.0588303016       -0.0948987947       -0.2155106054       -0.4708824391       -0.6376321957       -0.7987443999       -0.2942818210       -0.0297684471       -0.1930046003       -0.0076612581       -0.2283298359       -0.0081872550       -0.0012662575       -0.0003305174       -0.0015040516       -0.0017654350       -0.0015202973       -0.0006538576       -0.0014077261       -0.0016134477
  76   2.861   1.030   0.315       -0.1978249911       -0.0813627395       -0.1446120298       -0.0382472473       -0.0554486167       -0.0999957071       -0.1762592049       -0.5248902026       -0.6345059563       -0.7097849480       -0.2930177256       -0.0313205984       -0.1927762670       -0.0076041083       -0.2263525111       -0.0080622959       -0.0012400139       -0.0003207136       -0.0014839165       -0.0017316901       -0.0014788621       -0.0006014895       -0.0013949996       -0.0015836737
  77   2.941   1.071   0.335       -0.1860756596       -0.0807044466       -0.1417156199       -0.0358551177       -0.0544857136       -0.1122990537       -0.1826847208       -0.6217274034       -0.6675579998       -0.5557176280       -0.2810387362       -0.0278127564       -0.1945384004       -0.0076013703       -0.2255132841       -0.0079145384       -0.0011266153       -0.0002913452       -0.0014855287       -0.0015412251       -0.0013973907       -0.0004933201       -0.0013630017       -0.0015080598
  78   3.022   1.111   0.356       -0.1735767590       -0.0801813935       -0.1416555920       -0.0331545295       -0.0567271409       -0.1278532850       -0.2106269880       -0.7408084607       -0.6508603198       -0.3767873484       -0.2624063835       -0.0232291555       -0.1978220618       -0.0076457857       -0.2246670503       -0.0077238660       -0.0009479470       -0.0002581349       -0.0014299964       -0.0012676878       -0.0012789108       -0.0003786633       -0.0012963287       -0.0013945750
  79   3.103   1.152   0.376       -0.1640859060       -0.0798342035       -0.1432530099       -0.0307506675       -0.0630910228       -0.1351002602       -0.3159688209       -0.9247133428       -0.6111287615       -0.2432012484       -0.2442778104       -0.0198933392       -0.2016525647       -0.0077166229       -0.2225591408       -0.0074809124       -0.0007422744       -0.0002356698       -0.0012544591       -0.0010001813       -0.0011587620       -0.0003224563       -0.0011882180       -0.0013050558
   7  -2.715  -1.758  -1.079       -0.0839454455       -0.0926779435       -0.1724684832       -0.0352321271       -0.0256078598       -0.1087993104       -0.3024138552       -0.2897798512       -0.9849486405       -0.6195417154       -0.2710115892       -0.0338661398       -0.2019156032       -0.0072709483       -0.1779725733       -0.0054587891       -0.0003827560       -0.0002409602       -0.0006311812       -0.0005358437       -0.0006624415       -0.0005283361       -0.0007268485       -0.0008315231
  80   3.184   1.192   0.396       -0.1562372530       -0.0808255914       -0.1438867008       -0.0291893149       -0.0721209047       -0.1210134049       -0.4616592216       -1.0446042995       -0.5554543642       -0.1538986021       -0.2322440099       -0.0182711247       -0.2045541335       -0.0077784770       -0.2185963434       -0.0072109958       -0.0005476188       -0.0002286608       -0.0009709796       -0.0008059164       -0.0010776374       -0.0003741484       -0.0010458922       -0.0013304397
  81   3.265   1.232   0.416       -0.1475002100       -0.0855537629       -0.1416287039       -0.0291025581       -0.0885473818       -0.0862056601       -0.4033440445       -1.1729602560       -0.5075628121       -0.1290296288       -0.2313931264       -0.0188562102       -0.2051980093       -0.0077980008       -0.2131248138       -0.0069685966       -0.0003876136       -0.0002391324       -0.0006808887       -0.0007035538       -0.0010372685       -0.0005505002       -0.0009012487       -0.0014978659
  82   3.345   1.273   0.436       -0.1368796524       -0.0886877574       -0.1355068376       -0.0322726188       -0.1158620459       -0.0518548052       -0.0375290824       -1.1500616101       -0.4894172218       -0.1469738658       -0.2492606793       -0.0236293322       -0.2033048058       -0.0077650791       -0.2066692471       -0.0067916488       -0.0002763026       -0.0002721174       -0.0004884567       -0.0006735679       -0.0009775483       -0.0008140143       -0.0007874734       -0.0016552356
  83   3.426   1.313   0.457       -0.1362617813       -0.0835154403       -0.1257534745       -0.0424709995       -0.1397885874       -0.0330477725        0.2712662846       -1.0347659782       -0.4081036254       -0.2359151528       -0.3026182768       -0.0432636620       -0.1998862844       -0.0077007489       -0.1992303786       -0.0066593719       -0.0002264583       -0.0003390952       -0.0004150204       -0.0006768922       -0.0008445758       -0.0010693370       -0.0007163471       -0.0015998854
  84   3.507   1.354   0.477       -0.1565851229       -0.0845641394       -0.1034319975       -0.0706743099       -0.1419491175       -0.0295702321        0.4535094508       -0.3887567001       -0.2940844476       -0.1671598698       -0.4009614806       -0.1342043863       -0.1963711325       -0.0076375312       -0.1909665930       -0.0065183945       -0.0002399442       -0.0004468961       -0.0004136022       -0.0006535523       -0.0006675192       -0.0012007764       -0.0006784637       -0.0013405710
  85   3.588   1.394   0.497       -0.1824443635       -0.0992943423       -0.0667061235       -0.0803528159       -0.0652733229       -0.0556274160        0.0594290547       -0.1032929297       -0.2288509467       -0.0995475175       -0.4040453468       -0.4509264102       -0.1939479139       -0.0076071821       -0.1828661675       -0.0063470494       -0.0002959669       -0.0005568927       -0.0004553386       -0.0005681996       -0.0005231385       -0.0011555276       -0.0006597493       -0.0010489883
  86   3.669   1.434   0.517       -0.1947788251       -0.1249944735       -0.0773032789       -0.0717423812       -0.0028511006       -0.0827586180       -0.1922141036       -0.0197121539       -0.2126803179       -0.0547698185       -0.0434804212       -0.5824059091       -0.1937020296       -0.0076507859       -0.1753165805       -0.0061287364       -0.0003652775       -0.0005986880       -0.0005189887       -0.0004896800       -0.0004446204       -0.0009765557       -0.0006530248       -0.0008322318
  87   3.749   1.475   0.537       -0.1849273963       -0.1375535694       -0.1206472470       -0.0769821630       -0.0233072872       -0.0769203916       -0.2370745025       -0.0201465884       -0.1954839394       -0.0417118814        0.2256499015       -0.3241914818       -0.1990004816       -0.0079385290       -0.1650577729       -0.0056902149       -0.0004358446       -0.0005544278       -0.0005614443       -0.0004814970       -0.0004500057       -0.0007284702       -0.0006587096       -0.0006979621
  88   3.830   1.515   0.558       -0.1136248380       -0.1247986125       -0.2076155522       -0.0886822371       -0.1232674820       -0.0520301604       -0.0868622421       -0.0617976949       -0.0249010675       -0.0776777441        0.0067374341       -0.1482202555       -0.2137634384       -0.0085477740       -0.1478266247       -0.0049357775       -0.0005155045       -0.0004381368       -0.0005744026       -0.0004939109       -0.0004889901       -0.0005467169       -0.0006548651       -0.0006496184
  89   3.911   1.556   0.578       -0.0952615545       -0.1045899081       -0.2028921777       -0.0935843377       -0.2076075343       -0.0404157645        0.0079538291       -0.0705717758        0.1712880317       -0.1575073562       -0.0366854151       -0.2105616447       -0.1910865290       -0.0071767622       -0.1702618033       -0.0061574679       -0.0004484132       -0.0004258105       -0.0005253835       -0.0004724857       -0.0004118745       -0.0006643273       -0.0006062439       -0.0007092141
   8  -2.634  -1.717  -1.059       -0.0702626035       -0.0913858980       -0.1778981649       -0.0429716343       -0.0672204554       -0.0606225662       -0.2592444941       -0.2384857421       -1.0080938580       -0.9760530508       -0.3050136280       -0.0517278172       -0.1994019546       -0.0072586928       -0.1767001290       -0.0055025472       -0.0003243437       -0.0002656946       -0.0005202001       -0.0004899858       -0.0006201507       -0.0006519613       -0.0006815082       -0.0009109650
  90   3.992   1.596   0.598       -0.0913995527       -0.0901645995       -0.1704645985       -0.1034506747       -0.2263636478       -0.0273120636       -0.0474798810       -0.0590266198        0.5225234978       -0.4584198495       -0.1227409266       -0.4111566286       -0.1870101601       -0.0068856924       -0.1762572335       -0.0062975471       -0.0003586587       -0.0004049825       -0.0004982447       -0.0003980022       -0.0004590717       -0.0007588659       -0.0005972723       -0.0007875211
  91   4.073   1.636   0.618       -0.0790039102       -0.0826897789       -0.1787729473       -0.1076223815       -0.1907957939       -0.0236424162       -0.0921063658       -0.0765533287        0.2801598630       -1.2575622461       -0.4166620342       -0.2476736673       -0.1878285479       -0.0068302520       -0.1794057691       -0.0062165816       -0.0002913978       -0.0003533411       -0.0004766982       -0.0004024662       -0.0005208471       -0.0007856904       -0.0006111129       -0.0008925768
  92   4.154   1.677   0.638       -0.0677771505       -0.0824607268       -0.1881998415       -0.0699896554       -0.1402080543       -0.0349662201       -0.1310869389       -0.1654266241       -0.2811225846       -1.4307538803       -0.3482014048       -0.0932520295       -0.1909197864       -0.0068755191       -0.1815758402       -0.0060622312       -0.0002638254       -0.0002989375       -0.0004852613       -0.0004279800       -0.0005936849       -0.0007334446       -0.0006450130       -0.0009902618
  93   4.234   1.717   0.659       -0.0732358556       -0.0927905667       -0.1784072847       -0.0445328890       -0.0879965919       -0.0633079689       -0.1718009103       -0.2281300380       -1.0193287628       -1.0062464955       -0.2930597044       -0.0412581699       -0.1948948647       -0.0069683369       -0.1826997247       -0.0058955208       -0.0002821921       -0.0002632336       -0.0005533888       -0.0004482156       -0.0006607320       -0.0006213953       -0.0006989593       -0.0010123216
  94   4.315   1.758   0.679       -0.0885413780       -0.0923379158       -0.1716077932       -0.0363332981       -0.0454994909       -0.1129920952       -0.2675112917       -0.3254203703       -0.9925077938       -0.6346029657       -0.2639825268       -0.0297259300       -0.1981117823       -0.0070516822       -0.1828232383       -0.0057712578       -0.0003376027       -0.0002442395       -0.0006852530       -0.0004922702       -0.0007030265       -0.0004948187       -0.0007688528       -0.0009305022
  95   4.396   1.798   0.699       -0.0947975218       -0.0877515768       -0.1687012892       -0.0354941834       -0.0331568389       -0.1550110738       -0.3165519890       -0.3354332477       -0.9570283128       -0.5737365208       -0.2580172786       -0.0286401225       -0.1993309157       -0.0070843110       -0.1823989423       -0.0057244002       -0.0004179718       -0.0002352777       -0.0008441248       -0.0005791491       -0.0007268417       -0.0003899895       -0.0008412802       -0.0008128305
  96   4.477   1.838   0.719       -0.0939318628       -0.0865377097       -0.1677889007       -0.0380924505       -0.0386112274       -0.1562953041       -0.2895318232       -0.3555202451       -0.9191136263       -0.6515052045       -0.2692286478       -0.0337708176       -0.1985097990       -0.0070654613       -0.1818237558       -0.0057517167       -0.0005147228       -0.0002338192       -0.0009663969       -0.0007054480       -0.0007423857       -0.0003262419       -0.0008970846       -0.0007431346
  97   4.558   1.879   0.739       -0.0917862981       -0.0852945364       -0.1676997332       -0.0434641198       -0.0527807925       -0.1274271219       -0.2551099614       -0.3761672945       -0.8530910350       -0.7977910717       -0.2988013719       -0.0490094653       -0.1965940224       -0.0070225077       -0.1812779646       -0.0058209878       -0.0006162474       -0.0002399433       -0.0010128880       -0.0008461598       -0.0007467966       -0.0003083146       -0.0009235793       -0.0007309869
  98   4.638   1.919   0.760       -0.0957840362       -0.0838261849       -0.1671412129       -0.0512029932       -0.0729081824       -0.0955262342       -0.2109738889       -0.4691702375       -0.6998401392       -0.9651411651       -0.3429012854       -0.0883248436       -0.1946522306       -0.0069788007       -0.1808805802       -0.0058943255       -0.0007034035       -0.0002526802       -0.0009961139       -0.0009656778       -0.0007384396       -0.0003240882       -0.0009236689       -0.0007392601
  99   4.719   1.960   0.780       -0.1034147481       -0.0845362279       -0.1648095118       -0.0592898069       -0.0860284612       -0.0774572871       -0.0996830810       -0.5497445964       -0.5264792370       -0.9913055840       -0.3689076469       -0.1449093326       -0.1933489294       -0.0069389367       -0.1808384093       -0.0059484104       -0.0007580401       -0.0002667069       -0.0009533775       -0.0010390860       -0.0007277425       -0.0003501020       -0.0009104179       -0.0007422734
   9  -2.554  -1.677  -1.038       -0.0670247807       -0.0814822577       -0.1852857085       -0.0669399153       -0.1150497170       -0.0329204136       -0.1641749139       -0.2146786079       -0.3904273887       -1.4023645100       -0.3474578052       -0.1306416022       -0.1959345642       -0.0072293677       -0.1748135808       -0.0055888549       -0.0002956541       -0.0003069234       -0.0004698993       -0.0004640116       -0.0005544253       -0.0007541095       -0.0006524303       -0.0008965109
